6.552734375000000000e-01
5.644531250000000000e-01
5.849609375000000000e-01
5.400390625000000000e-01
5.722656250000000000e-01
6.093750000000000000e-01
5.800781250000000000e-01
5.957031250000000000e-01
5.419921875000000000e-01
5.576171875000000000e-01
5.615234375000000000e-01
6.181640625000000000e-01
5.488281250000000000e-01
6.035156250000000000e-01
5.839843750000000000e-01
5.664062500000000000e-01
6.464843750000000000e-01
5.732421875000000000e-01
5.927734375000000000e-01
5.625000000000000000e-01
6.132812500000000000e-01
5.751953125000000000e-01
5.830078125000000000e-01
6.308593750000000000e-01
6.181640625000000000e-01
5.986328125000000000e-01
5.380859375000000000e-01
5.458984375000000000e-01
5.976562500000000000e-01
6.503906250000000000e-01
5.546875000000000000e-01
6.015625000000000000e-01
6.074218750000000000e-01
6.201171875000000000e-01
5.820312500000000000e-01
5.771484375000000000e-01
5.849609375000000000e-01
5.830078125000000000e-01
5.458984375000000000e-01
5.947265625000000000e-01
5.634765625000000000e-01
5.517578125000000000e-01
5.996093750000000000e-01
5.976562500000000000e-01
5.283203125000000000e-01
6.386718750000000000e-01
6.230468750000000000e-01
6.005859375000000000e-01
5.878906250000000000e-01
5.781250000000000000e-01
5.498046875000000000e-01
5.888671875000000000e-01
6.181640625000000000e-01
6.250000000000000000e-01
5.722656250000000000e-01
6.220703125000000000e-01
5.781250000000000000e-01
5.878906250000000000e-01
6.025390625000000000e-01
5.810546875000000000e-01
6.201171875000000000e-01
6.748046875000000000e-01
5.849609375000000000e-01
5.771484375000000000e-01
6.210937500000000000e-01
5.126953125000000000e-01
5.888671875000000000e-01
6.093750000000000000e-01
6.298828125000000000e-01
5.849609375000000000e-01
5.488281250000000000e-01
6.064453125000000000e-01
5.683593750000000000e-01
5.869140625000000000e-01
5.839843750000000000e-01
6.191406250000000000e-01
5.322265625000000000e-01
6.005859375000000000e-01
5.634765625000000000e-01
6.416015625000000000e-01
5.595703125000000000e-01
5.712890625000000000e-01
5.478515625000000000e-01
5.908203125000000000e-01
5.058593750000000000e-01
5.507812500000000000e-01
6.347656250000000000e-01
5.966796875000000000e-01
6.201171875000000000e-01
6.523437500000000000e-01
5.791015625000000000e-01
6.152343750000000000e-01
5.976562500000000000e-01
5.996093750000000000e-01
5.673828125000000000e-01
5.800781250000000000e-01
5.986328125000000000e-01
6.582031250000000000e-01
6.503906250000000000e-01
5.966796875000000000e-01
