5.708884688090737347e-01
6.313799621928166683e-01
5.330812854442343873e-01
6.465028355387523185e-01
5.992438563327031620e-01
5.822306238185255278e-01
5.311909262759924033e-01
5.765595463137995758e-01
5.463137996219281645e-01
5.614366729678639256e-01
5.122873345935727851e-01
5.992438563327031620e-01
6.068052930056710981e-01
5.727788279773157187e-01
5.689981096408317507e-01
5.500945179584121325e-01
6.030245746691871300e-01
6.143667296786389231e-01
6.219281663516068592e-01
5.406427221172023234e-01
5.935727788279773209e-01
5.708884688090737347e-01
5.916824196597353369e-01
5.916824196597353369e-01
6.162570888468809072e-01
5.349716446124763713e-01
6.011342155009451460e-01
4.782608695652174058e-01
6.275992438563327003e-01
5.633270321361059096e-01
5.387523629489603394e-01
6.049149338374291140e-01
5.879017013232513689e-01
5.406427221172023234e-01
5.897920604914933529e-01
6.105860113421549551e-01
5.973534971644612890e-01
5.916824196597353369e-01
6.124763705103969391e-01
6.729678638941398727e-01
6.446124763705104455e-01
6.786389413988658248e-01
6.862003780718336499e-01
5.085066162570888171e-01
6.049149338374291140e-01
5.519848771266541165e-01
5.179584120982986262e-01
6.124763705103969391e-01
5.444234404536861804e-01
5.671077504725897667e-01
5.482041587901701485e-01
6.370510396975425094e-01
6.635160680529300636e-01
5.633270321361059096e-01
5.576559546313799576e-01
4.990548204158790080e-01
6.427221172022684614e-01
6.030245746691871300e-01
5.274102079395085463e-01
5.576559546313799576e-01
5.689981096408317507e-01
5.765595463137995758e-01
6.294896030245746843e-01
6.275992438563327003e-01
5.633270321361059096e-01
5.689981096408317507e-01
5.992438563327031620e-01
6.275992438563327003e-01
5.860113421550094959e-01
5.614366729678639256e-01
6.465028355387523185e-01
5.255198487712665623e-01
5.576559546313799576e-01
5.463137996219281645e-01
6.238185255198487322e-01
5.255198487712665623e-01
5.576559546313799576e-01
5.444234404536861804e-01
6.635160680529300636e-01
5.595463137996219416e-01
6.483931947069943025e-01
5.860113421550094959e-01
5.973534971644612890e-01
5.765595463137995758e-01
5.841209829867675118e-01
6.521739130434782705e-01
5.652173913043477826e-01
5.822306238185255278e-01
6.105860113421549551e-01
5.652173913043477826e-01
5.425330812854441964e-01
5.935727788279773209e-01
5.841209829867675118e-01
6.427221172022684614e-01
5.879017013232513689e-01
5.576559546313799576e-01
5.803402646502835438e-01
5.482041587901701485e-01
6.124763705103969391e-01
5.671077504725897667e-01
