6.859504132231405427e-01
7.024793388429751984e-01
7.107438016528925262e-01
7.520661157024793875e-01
8.512396694214876547e-01
7.190082644628099651e-01
9.090909090909090606e-01
6.611570247933884481e-01
5.950413223140496033e-01
8.760330578512396382e-01
9.173553719008264995e-01
9.338842975206611552e-01
8.760330578512396382e-01
7.024793388429751984e-01
9.338842975206611552e-01
7.190082644628099651e-01
6.859504132231405427e-01
6.859504132231405427e-01
9.173553719008264995e-01
5.702479338842975087e-01
4.710743801652892415e-01
6.859504132231405427e-01
8.842975206611570771e-01
6.363636363636363535e-01
8.264462809917355601e-01
9.338842975206611552e-01
7.685950413223140432e-01
7.685950413223140432e-01
7.933884297520661377e-01
7.024793388429751984e-01
7.603305785123967153e-01
8.181818181818182323e-01
6.942148760330578705e-01
7.933884297520661377e-01
8.512396694214876547e-01
6.611570247933884481e-01
5.867768595041322754e-01
5.537190082644628530e-01
6.859504132231405427e-01
8.512396694214876547e-01
8.347107438016528880e-01
7.190082644628099651e-01
6.033057851239669311e-01
7.685950413223140432e-01
5.950413223140496033e-01
9.008264462809917328e-01
9.173553719008264995e-01
8.842975206611570771e-01
5.867768595041322754e-01
