7.109375000000000000e-01
9.570312500000000000e-01
8.671875000000000000e-01
8.632812500000000000e-01
6.640625000000000000e-01
5.507812500000000000e-01
6.562500000000000000e-01
8.632812500000000000e-01
7.382812500000000000e-01
7.382812500000000000e-01
8.398437500000000000e-01
7.578125000000000000e-01
7.265625000000000000e-01
9.023437500000000000e-01
7.265625000000000000e-01
4.843750000000000000e-01
7.851562500000000000e-01
5.429687500000000000e-01
8.085937500000000000e-01
7.617187500000000000e-01
7.578125000000000000e-01
8.281250000000000000e-01
7.812500000000000000e-01
5.898437500000000000e-01
7.578125000000000000e-01
6.210937500000000000e-01
5.507812500000000000e-01
6.875000000000000000e-01
7.656250000000000000e-01
9.218750000000000000e-01
8.281250000000000000e-01
6.328125000000000000e-01
