5.925925925925925597e-01
6.666666666666666297e-01
5.679012345679012030e-01
6.296296296296296502e-01
7.777777777777777901e-01
5.802469135802469369e-01
8.641975308641974829e-01
4.938271604938271331e-01
5.679012345679012030e-01
8.148148148148147696e-01
9.012345679012345734e-01
9.012345679012345734e-01
8.148148148148147696e-01
5.555555555555555802e-01
9.012345679012345734e-01
5.802469135802469369e-01
5.308641975308642236e-01
5.308641975308642236e-01
8.765432098765432167e-01
3.580246913580246715e-01
1.975308641975308532e-01
5.308641975308642236e-01
8.271604938271605034e-01
4.567901234567900981e-01
7.407407407407406996e-01
9.012345679012345734e-01
6.543209876543210068e-01
6.419753086419752730e-01
6.913580246913579863e-01
5.555555555555555802e-01
6.419753086419752730e-01
7.283950617283950768e-01
5.432098765432098464e-01
6.913580246913579863e-01
7.901234567901234129e-01
4.938271604938271331e-01
3.827160493827160281e-01
3.456790123456789932e-01
5.308641975308642236e-01
7.777777777777777901e-01
7.654320987654320563e-01
5.802469135802469369e-01
4.074074074074073848e-01
6.543209876543210068e-01
3.950617283950617065e-01
8.518518518518518601e-01
8.765432098765432167e-01
8.271604938271605034e-01
3.827160493827160281e-01
7.037037037037037202e-01
7.037037037037037202e-01
7.654320987654320563e-01
