6.224489795918367596e-01
9.336734693877550839e-01
8.214285714285713969e-01
8.214285714285713969e-01
5.561224489795918435e-01
4.183673469387755306e-01
5.510204081632652517e-01
8.214285714285713969e-01
6.581632653061224580e-01
6.581632653061224580e-01
7.755102040816326259e-01
6.836734693877550839e-01
6.428571428571429047e-01
8.724489795918367596e-01
6.428571428571429047e-01
3.265306122448979331e-01
7.295918367346938549e-01
4.030612244897959218e-01
7.500000000000000000e-01
6.887755102040816757e-01
6.836734693877550839e-01
7.755102040816326259e-01
7.142857142857143016e-01
4.642857142857143016e-01
6.836734693877550839e-01
5.051020408163264808e-01
4.132653061224489943e-01
5.918367346938775420e-01
6.938775510204081565e-01
8.928571428571429047e-01
7.755102040816326259e-01
5.204081632653061451e-01
7.346938775510204467e-01
6.020408163265306145e-01
5.867346938775510612e-01
