5.786132812500000000e-01
6.058349609375000000e-01
6.025390625000000000e-01
5.891723632812500000e-01
6.047363281250000000e-01
6.001586914062500000e-01
6.054077148437500000e-01
5.817260742187500000e-01
5.942382812500000000e-01
5.756225585937500000e-01
5.864868164062500000e-01
5.986328125000000000e-01
6.071777343750000000e-01
5.983276367187500000e-01
6.108398437500000000e-01
5.874023437500000000e-01
5.787353515625000000e-01
5.836791992187500000e-01
5.813598632812500000e-01
5.958862304687500000e-01
5.863647460937500000e-01
6.148071289062500000e-01
5.601806640625000000e-01
5.812988281250000000e-01
5.903930664062500000e-01
5.773315429687500000e-01
5.852050781250000000e-01
5.877685546875000000e-01
5.946655273437500000e-01
6.026611328125000000e-01
5.870361328125000000e-01
6.016235351562500000e-01
5.984497070312500000e-01
6.082153320312500000e-01
5.819091796875000000e-01
6.317749023437500000e-01
5.960693359375000000e-01
6.154785156250000000e-01
6.019897460937500000e-01
5.808105468750000000e-01
5.806884765625000000e-01
5.621948242187500000e-01
5.836791992187500000e-01
5.806274414062500000e-01
6.212768554687500000e-01
5.904541015625000000e-01
5.908813476562500000e-01
5.950317382812500000e-01
5.940551757812500000e-01
5.780639648437500000e-01
5.782470703125000000e-01
5.967407226562500000e-01
5.955200195312500000e-01
6.243896484375000000e-01
6.084594726562500000e-01
5.912475585937500000e-01
5.611572265625000000e-01
6.045532226562500000e-01
5.900268554687500000e-01
6.099243164062500000e-01
5.969238281250000000e-01
5.768432617187500000e-01
5.670166015625000000e-01
5.883789062500000000e-01
6.190795898437500000e-01
5.737915039062500000e-01
5.948486328125000000e-01
6.041870117187500000e-01
5.899658203125000000e-01
6.010131835937500000e-01
5.846557617187500000e-01
5.976562500000000000e-01
6.188964843750000000e-01
5.837402343750000000e-01
5.932006835937500000e-01
5.901489257812500000e-01
5.908203125000000000e-01
5.883789062500000000e-01
5.900878906250000000e-01
6.018676757812500000e-01
6.097412109375000000e-01
6.013183593750000000e-01
5.879516601562500000e-01
5.840454101562500000e-01
5.806884765625000000e-01
5.975341796875000000e-01
6.095581054687500000e-01
5.946044921875000000e-01
5.579833984375000000e-01
5.973510742187500000e-01
5.916748046875000000e-01
5.841674804687500000e-01
6.055908203125000000e-01
5.883178710937500000e-01
5.993041992187500000e-01
5.878295898437500000e-01
5.975341796875000000e-01
6.220092773437500000e-01
5.992431640625000000e-01
6.160278320312500000e-01
