6.003417968750000000e-01
6.489257812500000000e-01
5.895996093750000000e-01
5.778808593750000000e-01
6.313476562500000000e-01
5.981445312500000000e-01
6.157226562500000000e-01
5.991210937500000000e-01
6.298828125000000000e-01
5.832519531250000000e-01
6.074218750000000000e-01
6.071777343750000000e-01
6.203613281250000000e-01
5.954589843750000000e-01
6.162109375000000000e-01
5.781250000000000000e-01
6.159667968750000000e-01
5.942382812500000000e-01
6.027832031250000000e-01
5.986328125000000000e-01
6.015625000000000000e-01
6.335449218750000000e-01
6.389160156250000000e-01
6.171875000000000000e-01
5.979003906250000000e-01
5.595703125000000000e-01
6.088867187500000000e-01
6.054687500000000000e-01
6.210937500000000000e-01
6.242675781250000000e-01
5.649414062500000000e-01
6.015625000000000000e-01
6.074218750000000000e-01
6.040039062500000000e-01
6.311035156250000000e-01
6.198730468750000000e-01
6.164550781250000000e-01
6.215820312500000000e-01
5.961914062500000000e-01
5.869140625000000000e-01
5.932617187500000000e-01
5.874023437500000000e-01
6.286621093750000000e-01
5.949707031250000000e-01
5.849609375000000000e-01
6.159667968750000000e-01
6.037597656250000000e-01
6.301269531250000000e-01
5.986328125000000000e-01
5.908203125000000000e-01
5.891113281250000000e-01
6.096191406250000000e-01
6.142578125000000000e-01
5.903320312500000000e-01
6.179199218750000000e-01
6.359863281250000000e-01
5.954589843750000000e-01
6.201171875000000000e-01
5.861816406250000000e-01
6.301269531250000000e-01
6.540527343750000000e-01
6.020507812500000000e-01
6.015625000000000000e-01
5.952148437500000000e-01
6.259765625000000000e-01
5.922851562500000000e-01
5.749511718750000000e-01
5.827636718750000000e-01
6.279296875000000000e-01
6.293945312500000000e-01
6.164550781250000000e-01
6.047363281250000000e-01
5.891113281250000000e-01
6.091308593750000000e-01
6.403808593750000000e-01
6.184082031250000000e-01
6.025390625000000000e-01
5.981445312500000000e-01
6.057128906250000000e-01
6.198730468750000000e-01
6.206054687500000000e-01
5.871582031250000000e-01
6.091308593750000000e-01
5.920410156250000000e-01
5.773925781250000000e-01
5.712890625000000000e-01
6.174316406250000000e-01
6.215820312500000000e-01
5.847167968750000000e-01
5.900878906250000000e-01
6.066894531250000000e-01
6.296386718750000000e-01
5.832519531250000000e-01
5.998535156250000000e-01
5.886230468750000000e-01
6.345214843750000000e-01
6.005859375000000000e-01
5.607910156250000000e-01
6.186523437500000000e-01
6.022949218750000000e-01
5.976562500000000000e-01
6.074218750000000000e-01
5.732421875000000000e-01
5.422363281250000000e-01
6.059570312500000000e-01
6.115722656250000000e-01
6.186523437500000000e-01
6.259765625000000000e-01
5.729980468750000000e-01
6.262207031250000000e-01
6.113281250000000000e-01
5.861816406250000000e-01
5.837402343750000000e-01
6.223144531250000000e-01
6.015625000000000000e-01
6.118164062500000000e-01
6.049804687500000000e-01
5.778808593750000000e-01
5.830078125000000000e-01
6.225585937500000000e-01
6.018066406250000000e-01
6.164550781250000000e-01
5.883789062500000000e-01
6.091308593750000000e-01
5.939941406250000000e-01
6.311035156250000000e-01
5.773925781250000000e-01
6.437988281250000000e-01
6.035156250000000000e-01
5.915527343750000000e-01
6.083984375000000000e-01
6.140136718750000000e-01
5.878906250000000000e-01
5.874023437500000000e-01
5.605468750000000000e-01
5.678710937500000000e-01
6.059570312500000000e-01
5.720214843750000000e-01
5.922851562500000000e-01
6.120605468750000000e-01
6.020507812500000000e-01
6.005859375000000000e-01
5.781250000000000000e-01
5.839843750000000000e-01
6.093750000000000000e-01
6.450195312500000000e-01
6.184082031250000000e-01
6.416015625000000000e-01
5.898437500000000000e-01
5.808105468750000000e-01
5.986328125000000000e-01
6.188964843750000000e-01
5.622558593750000000e-01
6.040039062500000000e-01
5.964355468750000000e-01
5.854492187500000000e-01
6.462402343750000000e-01
6.225585937500000000e-01
5.939941406250000000e-01
6.171875000000000000e-01
6.064453125000000000e-01
6.074218750000000000e-01
6.040039062500000000e-01
6.208496093750000000e-01
6.232910156250000000e-01
5.874023437500000000e-01
5.908203125000000000e-01
5.910644531250000000e-01
5.698242187500000000e-01
6.364746093750000000e-01
6.113281250000000000e-01
6.103515625000000000e-01
5.979003906250000000e-01
6.042480468750000000e-01
6.210937500000000000e-01
6.076660156250000000e-01
6.125488281250000000e-01
5.749511718750000000e-01
6.218261718750000000e-01
6.049804687500000000e-01
5.893554687500000000e-01
6.125488281250000000e-01
5.869140625000000000e-01
5.766601562500000000e-01
5.883789062500000000e-01
5.566406250000000000e-01
5.974121093750000000e-01
5.930175781250000000e-01
5.683593750000000000e-01
6.362304687500000000e-01
5.881347656250000000e-01
5.715332031250000000e-01
6.079101562500000000e-01
5.664062500000000000e-01
6.142578125000000000e-01
6.003417968750000000e-01
6.071777343750000000e-01
5.886230468750000000e-01
6.245117187500000000e-01
6.235351562500000000e-01
5.698242187500000000e-01
5.810546875000000000e-01
5.920410156250000000e-01
5.932617187500000000e-01
6.008300781250000000e-01
6.159667968750000000e-01
6.030273437500000000e-01
5.942382812500000000e-01
5.769042968750000000e-01
6.083984375000000000e-01
6.086425781250000000e-01
5.983886718750000000e-01
6.010742187500000000e-01
5.847167968750000000e-01
6.540527343750000000e-01
6.147460937500000000e-01
6.403808593750000000e-01
5.817871093750000000e-01
6.152343750000000000e-01
6.105957031250000000e-01
5.864257812500000000e-01
6.005859375000000000e-01
5.705566406250000000e-01
6.101074218750000000e-01
6.105957031250000000e-01
5.773925781250000000e-01
6.040039062500000000e-01
5.895996093750000000e-01
5.869140625000000000e-01
5.844726562500000000e-01
6.289062500000000000e-01
6.035156250000000000e-01
6.601562500000000000e-01
6.091308593750000000e-01
5.788574218750000000e-01
6.208496093750000000e-01
6.135253906250000000e-01
5.778808593750000000e-01
6.127929687500000000e-01
5.815429687500000000e-01
5.915527343750000000e-01
6.064453125000000000e-01
5.871582031250000000e-01
5.820312500000000000e-01
5.942382812500000000e-01
6.225585937500000000e-01
6.303710937500000000e-01
6.213378906250000000e-01
6.301269531250000000e-01
5.908203125000000000e-01
6.284179687500000000e-01
5.959472656250000000e-01
5.979003906250000000e-01
6.120605468750000000e-01
6.152343750000000000e-01
6.267089843750000000e-01
5.737304687500000000e-01
6.037597656250000000e-01
6.164550781250000000e-01
5.957031250000000000e-01
6.240234375000000000e-01
6.306152343750000000e-01
5.954589843750000000e-01
6.005859375000000000e-01
6.152343750000000000e-01
6.018066406250000000e-01
6.035156250000000000e-01
5.976562500000000000e-01
6.274414062500000000e-01
5.876464843750000000e-01
6.135253906250000000e-01
6.008300781250000000e-01
6.032714843750000000e-01
5.856933593750000000e-01
6.196289062500000000e-01
6.376953125000000000e-01
5.644531250000000000e-01
6.159667968750000000e-01
5.766601562500000000e-01
6.130371093750000000e-01
5.998535156250000000e-01
5.861816406250000000e-01
5.979003906250000000e-01
6.425781250000000000e-01
6.018066406250000000e-01
6.005859375000000000e-01
5.947265625000000000e-01
6.040039062500000000e-01
6.286621093750000000e-01
6.096191406250000000e-01
5.920410156250000000e-01
6.132812500000000000e-01
6.210937500000000000e-01
5.991210937500000000e-01
6.166992187500000000e-01
6.186523437500000000e-01
5.878906250000000000e-01
6.291503906250000000e-01
6.032714843750000000e-01
5.969238281250000000e-01
6.501464843750000000e-01
6.123046875000000000e-01
6.037597656250000000e-01
5.974121093750000000e-01
5.830078125000000000e-01
5.688476562500000000e-01
5.932617187500000000e-01
5.996093750000000000e-01
6.079101562500000000e-01
5.600585937500000000e-01
5.849609375000000000e-01
6.250000000000000000e-01
6.364746093750000000e-01
6.071777343750000000e-01
6.179199218750000000e-01
6.032714843750000000e-01
5.859375000000000000e-01
6.098632812500000000e-01
6.379394531250000000e-01
5.749511718750000000e-01
5.810546875000000000e-01
5.915527343750000000e-01
6.147460937500000000e-01
6.020507812500000000e-01
6.115722656250000000e-01
6.044921875000000000e-01
6.232910156250000000e-01
5.837402343750000000e-01
5.786132812500000000e-01
5.798339843750000000e-01
5.859375000000000000e-01
6.022949218750000000e-01
5.842285156250000000e-01
6.291503906250000000e-01
6.030273437500000000e-01
5.937500000000000000e-01
6.210937500000000000e-01
6.479492187500000000e-01
6.069335937500000000e-01
5.969238281250000000e-01
6.181640625000000000e-01
5.737304687500000000e-01
6.262207031250000000e-01
6.267089843750000000e-01
5.903320312500000000e-01
6.091308593750000000e-01
6.225585937500000000e-01
6.330566406250000000e-01
6.040039062500000000e-01
6.008300781250000000e-01
6.374511718750000000e-01
5.551757812500000000e-01
5.939941406250000000e-01
6.059570312500000000e-01
5.952148437500000000e-01
6.076660156250000000e-01
5.615234375000000000e-01
5.996093750000000000e-01
6.247558593750000000e-01
5.747070312500000000e-01
6.003417968750000000e-01
6.005859375000000000e-01
5.822753906250000000e-01
6.040039062500000000e-01
6.042480468750000000e-01
6.005859375000000000e-01
6.113281250000000000e-01
5.917968750000000000e-01
5.949707031250000000e-01
6.130371093750000000e-01
6.093750000000000000e-01
6.220703125000000000e-01
6.191406250000000000e-01
5.837402343750000000e-01
6.044921875000000000e-01
5.996093750000000000e-01
6.140136718750000000e-01
5.922851562500000000e-01
5.947265625000000000e-01
5.922851562500000000e-01
5.942382812500000000e-01
5.927734375000000000e-01
6.040039062500000000e-01
6.286621093750000000e-01
6.054687500000000000e-01
6.323242187500000000e-01
5.942382812500000000e-01
5.815429687500000000e-01
5.749511718750000000e-01
5.979003906250000000e-01
6.062011718750000000e-01
6.225585937500000000e-01
5.932617187500000000e-01
5.866699218750000000e-01
5.910644531250000000e-01
5.944824218750000000e-01
5.773925781250000000e-01
6.242675781250000000e-01
5.810546875000000000e-01
5.793457031250000000e-01
5.947265625000000000e-01
6.423339843750000000e-01
6.347656250000000000e-01
6.164550781250000000e-01
6.062011718750000000e-01
5.888671875000000000e-01
5.764160156250000000e-01
5.891113281250000000e-01
6.113281250000000000e-01
5.849609375000000000e-01
5.927734375000000000e-01
6.076660156250000000e-01
6.213378906250000000e-01
6.418457031250000000e-01
5.944824218750000000e-01
5.993652343750000000e-01
5.664062500000000000e-01
6.303710937500000000e-01
6.174316406250000000e-01
6.088867187500000000e-01
6.066894531250000000e-01
6.059570312500000000e-01
5.759277343750000000e-01
6.103515625000000000e-01
5.739746093750000000e-01
5.888671875000000000e-01
6.191406250000000000e-01
6.489257812500000000e-01
6.008300781250000000e-01
6.074218750000000000e-01
5.788574218750000000e-01
6.220703125000000000e-01
5.756835937500000000e-01
5.820312500000000000e-01
5.900878906250000000e-01
5.937500000000000000e-01
6.162109375000000000e-01
6.022949218750000000e-01
6.088867187500000000e-01
6.242675781250000000e-01
5.971679687500000000e-01
5.808105468750000000e-01
6.120605468750000000e-01
5.927734375000000000e-01
6.086425781250000000e-01
6.206054687500000000e-01
5.959472656250000000e-01
6.020507812500000000e-01
6.591796875000000000e-01
6.066894531250000000e-01
6.245117187500000000e-01
6.062011718750000000e-01
6.042480468750000000e-01
6.020507812500000000e-01
6.462402343750000000e-01
6.250000000000000000e-01
6.022949218750000000e-01
6.013183593750000000e-01
6.171875000000000000e-01
6.040039062500000000e-01
6.201171875000000000e-01
5.703125000000000000e-01
5.986328125000000000e-01
5.959472656250000000e-01
6.311035156250000000e-01
5.922851562500000000e-01
6.118164062500000000e-01
6.291503906250000000e-01
6.069335937500000000e-01
5.871582031250000000e-01
5.722656250000000000e-01
6.372070312500000000e-01
5.600585937500000000e-01
6.130371093750000000e-01
6.442871093750000000e-01
5.917968750000000000e-01
5.866699218750000000e-01
6.474609375000000000e-01
5.654296875000000000e-01
6.049804687500000000e-01
6.342773437500000000e-01
6.101074218750000000e-01
6.303710937500000000e-01
6.352539062500000000e-01
6.113281250000000000e-01
5.915527343750000000e-01
6.096191406250000000e-01
6.003417968750000000e-01
5.957031250000000000e-01
6.091308593750000000e-01
6.511230468750000000e-01
5.791015625000000000e-01
6.013183593750000000e-01
6.052246093750000000e-01
5.793457031250000000e-01
5.957031250000000000e-01
5.732421875000000000e-01
6.049804687500000000e-01
6.088867187500000000e-01
6.037597656250000000e-01
5.947265625000000000e-01
6.174316406250000000e-01
6.154785156250000000e-01
6.044921875000000000e-01
6.105957031250000000e-01
5.925292968750000000e-01
5.920410156250000000e-01
5.893554687500000000e-01
6.066894531250000000e-01
6.074218750000000000e-01
6.010742187500000000e-01
6.030273437500000000e-01
6.076660156250000000e-01
6.098632812500000000e-01
6.196289062500000000e-01
6.218261718750000000e-01
5.888671875000000000e-01
6.105957031250000000e-01
5.786132812500000000e-01
6.015625000000000000e-01
6.086425781250000000e-01
6.027832031250000000e-01
5.908203125000000000e-01
5.986328125000000000e-01
6.088867187500000000e-01
6.335449218750000000e-01
6.394042968750000000e-01
5.607910156250000000e-01
5.930175781250000000e-01
6.035156250000000000e-01
5.637207031250000000e-01
6.308593750000000000e-01
5.734863281250000000e-01
6.494140625000000000e-01
6.254882812500000000e-01
6.020507812500000000e-01
6.123046875000000000e-01
6.037597656250000000e-01
6.030273437500000000e-01
5.800781250000000000e-01
6.079101562500000000e-01
6.171875000000000000e-01
6.049804687500000000e-01
6.093750000000000000e-01
5.891113281250000000e-01
5.866699218750000000e-01
6.088867187500000000e-01
6.044921875000000000e-01
5.908203125000000000e-01
6.191406250000000000e-01
5.712890625000000000e-01
5.749511718750000000e-01
6.296386718750000000e-01
5.698242187500000000e-01
6.340332031250000000e-01
5.954589843750000000e-01
6.193847656250000000e-01
6.113281250000000000e-01
5.781250000000000000e-01
5.976562500000000000e-01
6.086425781250000000e-01
5.581054687500000000e-01
6.025390625000000000e-01
5.483398437500000000e-01
6.188964843750000000e-01
6.081542968750000000e-01
6.245117187500000000e-01
5.964355468750000000e-01
5.900878906250000000e-01
6.318359375000000000e-01
5.852050781250000000e-01
5.866699218750000000e-01
6.206054687500000000e-01
6.169433593750000000e-01
5.791015625000000000e-01
5.581054687500000000e-01
6.062011718750000000e-01
5.673828125000000000e-01
6.228027343750000000e-01
6.071777343750000000e-01
6.137695312500000000e-01
6.169433593750000000e-01
5.563964843750000000e-01
6.083984375000000000e-01
5.964355468750000000e-01
5.603027343750000000e-01
6.206054687500000000e-01
6.333007812500000000e-01
6.032714843750000000e-01
5.925292968750000000e-01
5.837402343750000000e-01
5.881347656250000000e-01
5.749511718750000000e-01
5.854492187500000000e-01
6.347656250000000000e-01
5.375976562500000000e-01
6.250000000000000000e-01
6.049804687500000000e-01
5.913085937500000000e-01
5.910644531250000000e-01
6.230468750000000000e-01
6.296386718750000000e-01
5.910644531250000000e-01
5.856933593750000000e-01
5.983886718750000000e-01
6.071777343750000000e-01
5.852050781250000000e-01
5.769042968750000000e-01
6.230468750000000000e-01
5.856933593750000000e-01
6.281738281250000000e-01
5.559082031250000000e-01
5.895996093750000000e-01
6.142578125000000000e-01
6.257324218750000000e-01
6.105957031250000000e-01
6.230468750000000000e-01
5.971679687500000000e-01
6.130371093750000000e-01
6.342773437500000000e-01
5.776367187500000000e-01
5.651855468750000000e-01
5.976562500000000000e-01
6.406250000000000000e-01
6.237792968750000000e-01
5.751953125000000000e-01
6.066894531250000000e-01
5.969238281250000000e-01
6.054687500000000000e-01
5.998535156250000000e-01
5.642089843750000000e-01
5.930175781250000000e-01
6.362304687500000000e-01
6.103515625000000000e-01
6.052246093750000000e-01
6.115722656250000000e-01
5.783691406250000000e-01
5.969238281250000000e-01
6.088867187500000000e-01
5.810546875000000000e-01
6.313476562500000000e-01
5.820312500000000000e-01
6.235351562500000000e-01
6.274414062500000000e-01
5.622558593750000000e-01
6.027832031250000000e-01
6.115722656250000000e-01
5.820312500000000000e-01
5.942382812500000000e-01
5.812988281250000000e-01
5.969238281250000000e-01
5.903320312500000000e-01
5.949707031250000000e-01
6.281738281250000000e-01
5.830078125000000000e-01
5.788574218750000000e-01
6.108398437500000000e-01
6.030273437500000000e-01
6.171875000000000000e-01
6.252441406250000000e-01
5.971679687500000000e-01
6.203613281250000000e-01
6.228027343750000000e-01
6.049804687500000000e-01
5.903320312500000000e-01
6.186523437500000000e-01
6.057128906250000000e-01
5.827636718750000000e-01
5.908203125000000000e-01
6.157226562500000000e-01
5.769042968750000000e-01
6.123046875000000000e-01
5.830078125000000000e-01
6.064453125000000000e-01
5.727539062500000000e-01
5.849609375000000000e-01
5.959472656250000000e-01
6.367187500000000000e-01
5.625000000000000000e-01
6.213378906250000000e-01
6.120605468750000000e-01
6.130371093750000000e-01
5.830078125000000000e-01
6.135253906250000000e-01
5.991210937500000000e-01
6.091308593750000000e-01
6.000976562500000000e-01
6.130371093750000000e-01
6.145019531250000000e-01
5.717773437500000000e-01
5.769042968750000000e-01
6.032714843750000000e-01
6.020507812500000000e-01
6.335449218750000000e-01
6.286621093750000000e-01
6.245117187500000000e-01
5.883789062500000000e-01
6.069335937500000000e-01
5.712890625000000000e-01
6.286621093750000000e-01
6.237792968750000000e-01
6.098632812500000000e-01
5.915527343750000000e-01
6.003417968750000000e-01
5.749511718750000000e-01
5.634765625000000000e-01
6.037597656250000000e-01
6.254882812500000000e-01
5.949707031250000000e-01
6.018066406250000000e-01
6.054687500000000000e-01
6.318359375000000000e-01
6.206054687500000000e-01
6.040039062500000000e-01
6.127929687500000000e-01
5.622558593750000000e-01
6.027832031250000000e-01
6.250000000000000000e-01
5.886230468750000000e-01
6.494140625000000000e-01
5.812988281250000000e-01
5.839843750000000000e-01
5.861816406250000000e-01
6.123046875000000000e-01
6.108398437500000000e-01
6.083984375000000000e-01
6.035156250000000000e-01
6.054687500000000000e-01
5.966796875000000000e-01
6.083984375000000000e-01
5.891113281250000000e-01
6.174316406250000000e-01
5.910644531250000000e-01
5.617675781250000000e-01
5.778808593750000000e-01
6.157226562500000000e-01
6.193847656250000000e-01
6.362304687500000000e-01
6.223144531250000000e-01
6.208496093750000000e-01
6.074218750000000000e-01
6.306152343750000000e-01
6.166992187500000000e-01
6.152343750000000000e-01
6.047363281250000000e-01
6.015625000000000000e-01
5.966796875000000000e-01
6.293945312500000000e-01
5.935058593750000000e-01
5.905761718750000000e-01
5.698242187500000000e-01
6.105957031250000000e-01
6.040039062500000000e-01
5.600585937500000000e-01
5.805664062500000000e-01
5.903320312500000000e-01
6.342773437500000000e-01
5.971679687500000000e-01
6.157226562500000000e-01
6.284179687500000000e-01
6.213378906250000000e-01
6.289062500000000000e-01
6.096191406250000000e-01
5.864257812500000000e-01
5.644531250000000000e-01
6.169433593750000000e-01
5.795898437500000000e-01
6.025390625000000000e-01
6.206054687500000000e-01
6.269531250000000000e-01
5.808105468750000000e-01
5.898437500000000000e-01
6.218261718750000000e-01
6.064453125000000000e-01
5.729980468750000000e-01
6.188964843750000000e-01
6.228027343750000000e-01
6.342773437500000000e-01
6.137695312500000000e-01
5.859375000000000000e-01
5.944824218750000000e-01
6.022949218750000000e-01
5.866699218750000000e-01
6.098632812500000000e-01
6.193847656250000000e-01
5.898437500000000000e-01
6.289062500000000000e-01
6.174316406250000000e-01
5.695800781250000000e-01
5.983886718750000000e-01
6.008300781250000000e-01
6.169433593750000000e-01
6.123046875000000000e-01
6.135253906250000000e-01
6.091308593750000000e-01
6.311035156250000000e-01
5.971679687500000000e-01
6.096191406250000000e-01
5.935058593750000000e-01
5.749511718750000000e-01
5.927734375000000000e-01
6.135253906250000000e-01
5.852050781250000000e-01
6.013183593750000000e-01
6.079101562500000000e-01
5.778808593750000000e-01
6.020507812500000000e-01
5.571289062500000000e-01
6.052246093750000000e-01
5.952148437500000000e-01
6.044921875000000000e-01
6.052246093750000000e-01
6.030273437500000000e-01
5.703125000000000000e-01
6.457519531250000000e-01
6.010742187500000000e-01
5.847167968750000000e-01
5.842285156250000000e-01
6.115722656250000000e-01
6.005859375000000000e-01
6.201171875000000000e-01
6.115722656250000000e-01
5.910644531250000000e-01
5.910644531250000000e-01
5.869140625000000000e-01
6.345214843750000000e-01
6.115722656250000000e-01
6.198730468750000000e-01
5.908203125000000000e-01
6.281738281250000000e-01
5.832519531250000000e-01
5.869140625000000000e-01
6.032714843750000000e-01
6.049804687500000000e-01
6.142578125000000000e-01
5.751953125000000000e-01
6.174316406250000000e-01
5.534667968750000000e-01
6.047363281250000000e-01
5.500488281250000000e-01
6.064453125000000000e-01
5.961914062500000000e-01
5.878906250000000000e-01
6.059570312500000000e-01
5.847167968750000000e-01
5.917968750000000000e-01
6.181640625000000000e-01
6.044921875000000000e-01
5.927734375000000000e-01
5.622558593750000000e-01
6.113281250000000000e-01
5.908203125000000000e-01
6.264648437500000000e-01
5.634765625000000000e-01
6.223144531250000000e-01
6.206054687500000000e-01
6.159667968750000000e-01
6.257324218750000000e-01
5.837402343750000000e-01
6.276855468750000000e-01
5.952148437500000000e-01
6.040039062500000000e-01
6.198730468750000000e-01
5.644531250000000000e-01
5.908203125000000000e-01
5.832519531250000000e-01
5.966796875000000000e-01
6.159667968750000000e-01
5.947265625000000000e-01
5.988769531250000000e-01
5.957031250000000000e-01
5.849609375000000000e-01
5.942382812500000000e-01
6.059570312500000000e-01
5.905761718750000000e-01
5.937500000000000000e-01
6.308593750000000000e-01
6.105957031250000000e-01
6.362304687500000000e-01
5.661621093750000000e-01
5.812988281250000000e-01
6.181640625000000000e-01
5.874023437500000000e-01
5.769042968750000000e-01
5.954589843750000000e-01
6.064453125000000000e-01
5.908203125000000000e-01
5.876464843750000000e-01
6.000976562500000000e-01
6.032714843750000000e-01
5.910644531250000000e-01
5.849609375000000000e-01
5.737304687500000000e-01
5.712890625000000000e-01
5.739746093750000000e-01
6.142578125000000000e-01
6.083984375000000000e-01
6.015625000000000000e-01
6.057128906250000000e-01
6.464843750000000000e-01
5.991210937500000000e-01
5.949707031250000000e-01
5.932617187500000000e-01
6.083984375000000000e-01
5.935058593750000000e-01
5.954589843750000000e-01
5.908203125000000000e-01
6.110839843750000000e-01
6.298828125000000000e-01
6.220703125000000000e-01
6.193847656250000000e-01
5.883789062500000000e-01
6.108398437500000000e-01
6.130371093750000000e-01
5.966796875000000000e-01
6.264648437500000000e-01
6.196289062500000000e-01
6.315917968750000000e-01
6.196289062500000000e-01
6.240234375000000000e-01
6.027832031250000000e-01
6.069335937500000000e-01
6.142578125000000000e-01
6.354980468750000000e-01
5.883789062500000000e-01
6.223144531250000000e-01
6.254882812500000000e-01
5.627441406250000000e-01
5.883789062500000000e-01
6.369628906250000000e-01
6.049804687500000000e-01
5.937500000000000000e-01
5.891113281250000000e-01
5.900878906250000000e-01
5.810546875000000000e-01
5.744628906250000000e-01
5.844726562500000000e-01
6.086425781250000000e-01
6.301269531250000000e-01
6.284179687500000000e-01
5.886230468750000000e-01
6.223144531250000000e-01
5.979003906250000000e-01
6.118164062500000000e-01
6.132812500000000000e-01
5.715332031250000000e-01
5.971679687500000000e-01
5.915527343750000000e-01
6.604003906250000000e-01
6.164550781250000000e-01
6.062011718750000000e-01
6.169433593750000000e-01
6.081542968750000000e-01
5.676269531250000000e-01
5.783691406250000000e-01
6.162109375000000000e-01
5.891113281250000000e-01
5.996093750000000000e-01
5.866699218750000000e-01
6.044921875000000000e-01
5.991210937500000000e-01
6.066894531250000000e-01
6.108398437500000000e-01
6.135253906250000000e-01
6.083984375000000000e-01
5.893554687500000000e-01
5.805664062500000000e-01
5.981445312500000000e-01
6.062011718750000000e-01
6.064453125000000000e-01
6.286621093750000000e-01
6.176757812500000000e-01
6.030273437500000000e-01
6.264648437500000000e-01
5.944824218750000000e-01
5.795898437500000000e-01
5.761718750000000000e-01
5.915527343750000000e-01
6.171875000000000000e-01
6.062011718750000000e-01
6.035156250000000000e-01
6.220703125000000000e-01
6.037597656250000000e-01
5.832519531250000000e-01
6.105957031250000000e-01
6.071777343750000000e-01
6.047363281250000000e-01
6.032714843750000000e-01
5.812988281250000000e-01
5.957031250000000000e-01
6.259765625000000000e-01
5.793457031250000000e-01
5.788574218750000000e-01
6.066894531250000000e-01
5.900878906250000000e-01
5.773925781250000000e-01
5.869140625000000000e-01
6.093750000000000000e-01
5.961914062500000000e-01
6.354980468750000000e-01
