6.552734375000000000e-01
6.044921875000000000e-01
6.289062500000000000e-01
5.976562500000000000e-01
5.878906250000000000e-01
6.357421875000000000e-01
5.781250000000000000e-01
5.576171875000000000e-01
6.523437500000000000e-01
6.259765625000000000e-01
6.533203125000000000e-01
5.664062500000000000e-01
6.005859375000000000e-01
6.269531250000000000e-01
6.699218750000000000e-01
5.419921875000000000e-01
5.976562500000000000e-01
6.367187500000000000e-01
6.083984375000000000e-01
6.191406250000000000e-01
5.869140625000000000e-01
5.888671875000000000e-01
5.751953125000000000e-01
6.025390625000000000e-01
5.712890625000000000e-01
6.113281250000000000e-01
6.474609375000000000e-01
6.425781250000000000e-01
6.181640625000000000e-01
6.308593750000000000e-01
6.328125000000000000e-01
6.015625000000000000e-01
6.171875000000000000e-01
6.416015625000000000e-01
5.986328125000000000e-01
6.162109375000000000e-01
5.576171875000000000e-01
6.464843750000000000e-01
5.312500000000000000e-01
6.250000000000000000e-01
5.869140625000000000e-01
5.996093750000000000e-01
6.259765625000000000e-01
5.781250000000000000e-01
5.419921875000000000e-01
6.689453125000000000e-01
5.537109375000000000e-01
6.552734375000000000e-01
6.250000000000000000e-01
6.875000000000000000e-01
5.839843750000000000e-01
6.035156250000000000e-01
5.595703125000000000e-01
5.722656250000000000e-01
5.869140625000000000e-01
5.927734375000000000e-01
6.816406250000000000e-01
5.917968750000000000e-01
5.976562500000000000e-01
6.152343750000000000e-01
6.435546875000000000e-01
6.689453125000000000e-01
6.298828125000000000e-01
5.732421875000000000e-01
6.562500000000000000e-01
5.859375000000000000e-01
5.878906250000000000e-01
6.015625000000000000e-01
5.634765625000000000e-01
6.464843750000000000e-01
6.093750000000000000e-01
5.537109375000000000e-01
6.093750000000000000e-01
5.849609375000000000e-01
6.572265625000000000e-01
6.416015625000000000e-01
5.888671875000000000e-01
5.634765625000000000e-01
6.142578125000000000e-01
6.318359375000000000e-01
6.269531250000000000e-01
6.777343750000000000e-01
6.093750000000000000e-01
6.318359375000000000e-01
6.201171875000000000e-01
6.318359375000000000e-01
6.230468750000000000e-01
6.250000000000000000e-01
6.074218750000000000e-01
6.054687500000000000e-01
5.585937500000000000e-01
6.123046875000000000e-01
6.669921875000000000e-01
6.152343750000000000e-01
5.849609375000000000e-01
6.201171875000000000e-01
6.279296875000000000e-01
6.093750000000000000e-01
6.328125000000000000e-01
6.484375000000000000e-01
6.552734375000000000e-01
6.259765625000000000e-01
6.357421875000000000e-01
6.054687500000000000e-01
6.132812500000000000e-01
6.171875000000000000e-01
6.435546875000000000e-01
5.976562500000000000e-01
5.976562500000000000e-01
6.093750000000000000e-01
6.503906250000000000e-01
5.859375000000000000e-01
5.908203125000000000e-01
6.503906250000000000e-01
5.634765625000000000e-01
6.523437500000000000e-01
5.673828125000000000e-01
5.566406250000000000e-01
5.849609375000000000e-01
5.537109375000000000e-01
5.634765625000000000e-01
6.025390625000000000e-01
6.132812500000000000e-01
6.083984375000000000e-01
5.917968750000000000e-01
6.396484375000000000e-01
6.015625000000000000e-01
5.976562500000000000e-01
6.103515625000000000e-01
6.152343750000000000e-01
5.664062500000000000e-01
6.250000000000000000e-01
5.957031250000000000e-01
6.181640625000000000e-01
6.093750000000000000e-01
5.976562500000000000e-01
5.996093750000000000e-01
6.523437500000000000e-01
5.839843750000000000e-01
6.835937500000000000e-01
6.064453125000000000e-01
6.035156250000000000e-01
6.191406250000000000e-01
5.888671875000000000e-01
5.449218750000000000e-01
6.210937500000000000e-01
5.751953125000000000e-01
5.917968750000000000e-01
5.839843750000000000e-01
6.054687500000000000e-01
6.074218750000000000e-01
6.005859375000000000e-01
6.679687500000000000e-01
5.742187500000000000e-01
5.986328125000000000e-01
5.800781250000000000e-01
6.347656250000000000e-01
5.908203125000000000e-01
5.927734375000000000e-01
6.318359375000000000e-01
6.845703125000000000e-01
5.781250000000000000e-01
5.644531250000000000e-01
5.791015625000000000e-01
5.878906250000000000e-01
5.976562500000000000e-01
5.937500000000000000e-01
6.386718750000000000e-01
6.416015625000000000e-01
5.664062500000000000e-01
5.898437500000000000e-01
6.220703125000000000e-01
5.888671875000000000e-01
6.396484375000000000e-01
6.152343750000000000e-01
5.712890625000000000e-01
6.503906250000000000e-01
6.425781250000000000e-01
6.523437500000000000e-01
6.230468750000000000e-01
5.664062500000000000e-01
5.986328125000000000e-01
6.386718750000000000e-01
6.171875000000000000e-01
5.439453125000000000e-01
6.025390625000000000e-01
6.572265625000000000e-01
6.357421875000000000e-01
5.966796875000000000e-01
5.898437500000000000e-01
6.259765625000000000e-01
6.445312500000000000e-01
5.976562500000000000e-01
6.025390625000000000e-01
6.542968750000000000e-01
6.669921875000000000e-01
5.869140625000000000e-01
6.298828125000000000e-01
6.591796875000000000e-01
6.689453125000000000e-01
6.054687500000000000e-01
5.878906250000000000e-01
5.498046875000000000e-01
6.523437500000000000e-01
5.937500000000000000e-01
6.611328125000000000e-01
6.503906250000000000e-01
6.406250000000000000e-01
5.791015625000000000e-01
5.800781250000000000e-01
6.015625000000000000e-01
5.986328125000000000e-01
6.347656250000000000e-01
6.074218750000000000e-01
6.474609375000000000e-01
5.849609375000000000e-01
6.318359375000000000e-01
5.527343750000000000e-01
6.386718750000000000e-01
6.025390625000000000e-01
6.083984375000000000e-01
6.064453125000000000e-01
6.093750000000000000e-01
5.703125000000000000e-01
5.800781250000000000e-01
6.015625000000000000e-01
5.878906250000000000e-01
6.181640625000000000e-01
6.230468750000000000e-01
6.113281250000000000e-01
6.074218750000000000e-01
6.230468750000000000e-01
6.542968750000000000e-01
6.181640625000000000e-01
6.152343750000000000e-01
6.132812500000000000e-01
5.839843750000000000e-01
6.660156250000000000e-01
5.859375000000000000e-01
6.113281250000000000e-01
6.044921875000000000e-01
5.986328125000000000e-01
6.416015625000000000e-01
6.064453125000000000e-01
5.908203125000000000e-01
6.562500000000000000e-01
6.406250000000000000e-01
6.123046875000000000e-01
6.210937500000000000e-01
6.298828125000000000e-01
5.849609375000000000e-01
5.800781250000000000e-01
6.455078125000000000e-01
6.005859375000000000e-01
6.523437500000000000e-01
5.957031250000000000e-01
6.269531250000000000e-01
6.162109375000000000e-01
5.908203125000000000e-01
5.410156250000000000e-01
5.507812500000000000e-01
5.556640625000000000e-01
6.171875000000000000e-01
6.093750000000000000e-01
6.552734375000000000e-01
5.996093750000000000e-01
5.605468750000000000e-01
6.035156250000000000e-01
6.416015625000000000e-01
6.005859375000000000e-01
6.240234375000000000e-01
5.732421875000000000e-01
6.513671875000000000e-01
6.367187500000000000e-01
5.673828125000000000e-01
6.630859375000000000e-01
6.435546875000000000e-01
5.507812500000000000e-01
6.318359375000000000e-01
6.279296875000000000e-01
6.201171875000000000e-01
6.025390625000000000e-01
5.693359375000000000e-01
6.279296875000000000e-01
6.220703125000000000e-01
5.751953125000000000e-01
5.976562500000000000e-01
6.142578125000000000e-01
5.976562500000000000e-01
5.800781250000000000e-01
6.152343750000000000e-01
5.556640625000000000e-01
5.517578125000000000e-01
6.250000000000000000e-01
5.976562500000000000e-01
6.005859375000000000e-01
6.376953125000000000e-01
6.328125000000000000e-01
6.103515625000000000e-01
5.791015625000000000e-01
5.976562500000000000e-01
6.093750000000000000e-01
6.230468750000000000e-01
5.957031250000000000e-01
6.474609375000000000e-01
6.035156250000000000e-01
6.660156250000000000e-01
5.771484375000000000e-01
6.044921875000000000e-01
6.191406250000000000e-01
6.474609375000000000e-01
5.917968750000000000e-01
5.615234375000000000e-01
6.318359375000000000e-01
6.425781250000000000e-01
6.162109375000000000e-01
5.859375000000000000e-01
5.703125000000000000e-01
5.673828125000000000e-01
6.054687500000000000e-01
6.201171875000000000e-01
6.035156250000000000e-01
6.337890625000000000e-01
6.259765625000000000e-01
6.308593750000000000e-01
5.751953125000000000e-01
6.289062500000000000e-01
5.615234375000000000e-01
6.357421875000000000e-01
5.849609375000000000e-01
6.806640625000000000e-01
5.839843750000000000e-01
6.503906250000000000e-01
5.888671875000000000e-01
5.634765625000000000e-01
5.908203125000000000e-01
6.425781250000000000e-01
5.957031250000000000e-01
5.654296875000000000e-01
5.625000000000000000e-01
6.005859375000000000e-01
6.191406250000000000e-01
5.517578125000000000e-01
5.937500000000000000e-01
5.917968750000000000e-01
6.445312500000000000e-01
6.093750000000000000e-01
6.210937500000000000e-01
6.181640625000000000e-01
6.650390625000000000e-01
5.869140625000000000e-01
6.669921875000000000e-01
5.908203125000000000e-01
5.869140625000000000e-01
6.386718750000000000e-01
6.240234375000000000e-01
5.771484375000000000e-01
5.820312500000000000e-01
6.230468750000000000e-01
6.191406250000000000e-01
5.947265625000000000e-01
5.732421875000000000e-01
6.123046875000000000e-01
6.523437500000000000e-01
6.083984375000000000e-01
6.523437500000000000e-01
5.849609375000000000e-01
6.464843750000000000e-01
5.820312500000000000e-01
6.093750000000000000e-01
5.732421875000000000e-01
6.806640625000000000e-01
6.181640625000000000e-01
6.494140625000000000e-01
6.191406250000000000e-01
6.894531250000000000e-01
5.625000000000000000e-01
6.367187500000000000e-01
6.093750000000000000e-01
6.152343750000000000e-01
5.996093750000000000e-01
6.230468750000000000e-01
6.494140625000000000e-01
6.445312500000000000e-01
6.044921875000000000e-01
6.376953125000000000e-01
6.220703125000000000e-01
6.240234375000000000e-01
5.986328125000000000e-01
5.917968750000000000e-01
6.054687500000000000e-01
6.123046875000000000e-01
6.298828125000000000e-01
5.976562500000000000e-01
6.083984375000000000e-01
6.230468750000000000e-01
6.035156250000000000e-01
6.328125000000000000e-01
5.791015625000000000e-01
5.859375000000000000e-01
5.927734375000000000e-01
6.201171875000000000e-01
5.957031250000000000e-01
5.947265625000000000e-01
5.312500000000000000e-01
5.751953125000000000e-01
6.132812500000000000e-01
6.181640625000000000e-01
5.751953125000000000e-01
5.859375000000000000e-01
6.083984375000000000e-01
5.800781250000000000e-01
6.181640625000000000e-01
6.093750000000000000e-01
5.947265625000000000e-01
6.025390625000000000e-01
5.712890625000000000e-01
6.601562500000000000e-01
5.693359375000000000e-01
6.005859375000000000e-01
6.230468750000000000e-01
6.181640625000000000e-01
5.693359375000000000e-01
5.966796875000000000e-01
6.220703125000000000e-01
5.976562500000000000e-01
5.966796875000000000e-01
6.279296875000000000e-01
6.035156250000000000e-01
5.644531250000000000e-01
6.503906250000000000e-01
5.830078125000000000e-01
6.162109375000000000e-01
6.064453125000000000e-01
6.552734375000000000e-01
6.162109375000000000e-01
6.474609375000000000e-01
5.937500000000000000e-01
6.406250000000000000e-01
5.800781250000000000e-01
5.546875000000000000e-01
6.123046875000000000e-01
6.181640625000000000e-01
6.113281250000000000e-01
6.123046875000000000e-01
5.957031250000000000e-01
6.406250000000000000e-01
6.123046875000000000e-01
6.328125000000000000e-01
6.289062500000000000e-01
5.947265625000000000e-01
5.634765625000000000e-01
5.380859375000000000e-01
6.464843750000000000e-01
5.615234375000000000e-01
6.113281250000000000e-01
6.152343750000000000e-01
6.005859375000000000e-01
5.722656250000000000e-01
5.605468750000000000e-01
5.703125000000000000e-01
6.201171875000000000e-01
6.308593750000000000e-01
6.064453125000000000e-01
6.093750000000000000e-01
6.250000000000000000e-01
6.181640625000000000e-01
5.908203125000000000e-01
5.800781250000000000e-01
6.054687500000000000e-01
6.220703125000000000e-01
5.917968750000000000e-01
5.839843750000000000e-01
6.044921875000000000e-01
6.171875000000000000e-01
5.712890625000000000e-01
6.503906250000000000e-01
6.025390625000000000e-01
6.767578125000000000e-01
6.269531250000000000e-01
6.054687500000000000e-01
5.781250000000000000e-01
6.679687500000000000e-01
6.386718750000000000e-01
6.621093750000000000e-01
6.425781250000000000e-01
5.634765625000000000e-01
5.263671875000000000e-01
6.201171875000000000e-01
6.250000000000000000e-01
6.103515625000000000e-01
5.693359375000000000e-01
5.800781250000000000e-01
5.839843750000000000e-01
6.162109375000000000e-01
6.132812500000000000e-01
6.923828125000000000e-01
6.689453125000000000e-01
5.966796875000000000e-01
6.083984375000000000e-01
6.113281250000000000e-01
6.347656250000000000e-01
6.611328125000000000e-01
6.386718750000000000e-01
6.123046875000000000e-01
6.474609375000000000e-01
6.943359375000000000e-01
5.859375000000000000e-01
6.396484375000000000e-01
5.937500000000000000e-01
5.966796875000000000e-01
6.015625000000000000e-01
5.888671875000000000e-01
6.542968750000000000e-01
6.083984375000000000e-01
6.376953125000000000e-01
5.546875000000000000e-01
6.142578125000000000e-01
5.908203125000000000e-01
5.800781250000000000e-01
6.308593750000000000e-01
5.693359375000000000e-01
5.371093750000000000e-01
6.054687500000000000e-01
5.761718750000000000e-01
5.957031250000000000e-01
5.908203125000000000e-01
6.787109375000000000e-01
5.888671875000000000e-01
6.083984375000000000e-01
6.435546875000000000e-01
5.859375000000000000e-01
6.191406250000000000e-01
6.591796875000000000e-01
6.064453125000000000e-01
6.142578125000000000e-01
5.595703125000000000e-01
6.455078125000000000e-01
5.976562500000000000e-01
5.996093750000000000e-01
6.357421875000000000e-01
5.458984375000000000e-01
5.654296875000000000e-01
5.693359375000000000e-01
5.898437500000000000e-01
6.044921875000000000e-01
6.152343750000000000e-01
5.625000000000000000e-01
5.996093750000000000e-01
6.367187500000000000e-01
6.113281250000000000e-01
6.406250000000000000e-01
6.816406250000000000e-01
6.152343750000000000e-01
6.064453125000000000e-01
6.132812500000000000e-01
5.703125000000000000e-01
5.976562500000000000e-01
6.376953125000000000e-01
6.250000000000000000e-01
5.732421875000000000e-01
5.996093750000000000e-01
6.025390625000000000e-01
5.703125000000000000e-01
5.810546875000000000e-01
6.162109375000000000e-01
6.250000000000000000e-01
6.191406250000000000e-01
6.386718750000000000e-01
5.195312500000000000e-01
6.152343750000000000e-01
6.201171875000000000e-01
5.908203125000000000e-01
6.210937500000000000e-01
6.533203125000000000e-01
5.996093750000000000e-01
6.220703125000000000e-01
6.171875000000000000e-01
6.035156250000000000e-01
6.279296875000000000e-01
5.849609375000000000e-01
5.849609375000000000e-01
6.445312500000000000e-01
6.201171875000000000e-01
5.810546875000000000e-01
5.976562500000000000e-01
6.298828125000000000e-01
5.947265625000000000e-01
6.132812500000000000e-01
6.191406250000000000e-01
5.927734375000000000e-01
5.664062500000000000e-01
5.537109375000000000e-01
6.025390625000000000e-01
6.269531250000000000e-01
6.210937500000000000e-01
5.927734375000000000e-01
6.015625000000000000e-01
6.132812500000000000e-01
6.269531250000000000e-01
5.429687500000000000e-01
5.908203125000000000e-01
6.210937500000000000e-01
6.132812500000000000e-01
6.240234375000000000e-01
6.210937500000000000e-01
5.644531250000000000e-01
5.800781250000000000e-01
5.927734375000000000e-01
5.849609375000000000e-01
5.664062500000000000e-01
6.103515625000000000e-01
6.445312500000000000e-01
5.791015625000000000e-01
5.712890625000000000e-01
6.396484375000000000e-01
6.259765625000000000e-01
5.859375000000000000e-01
5.761718750000000000e-01
6.201171875000000000e-01
6.025390625000000000e-01
6.015625000000000000e-01
6.152343750000000000e-01
6.250000000000000000e-01
6.425781250000000000e-01
5.927734375000000000e-01
6.250000000000000000e-01
6.162109375000000000e-01
6.552734375000000000e-01
6.826171875000000000e-01
5.595703125000000000e-01
6.718750000000000000e-01
6.210937500000000000e-01
6.240234375000000000e-01
6.162109375000000000e-01
6.142578125000000000e-01
5.742187500000000000e-01
6.064453125000000000e-01
6.816406250000000000e-01
6.621093750000000000e-01
6.601562500000000000e-01
6.093750000000000000e-01
6.025390625000000000e-01
6.298828125000000000e-01
6.132812500000000000e-01
6.054687500000000000e-01
6.660156250000000000e-01
6.044921875000000000e-01
6.064453125000000000e-01
5.732421875000000000e-01
6.123046875000000000e-01
6.289062500000000000e-01
5.898437500000000000e-01
6.074218750000000000e-01
6.044921875000000000e-01
5.976562500000000000e-01
6.269531250000000000e-01
6.123046875000000000e-01
5.927734375000000000e-01
6.416015625000000000e-01
5.996093750000000000e-01
6.005859375000000000e-01
6.015625000000000000e-01
5.742187500000000000e-01
5.781250000000000000e-01
5.976562500000000000e-01
5.937500000000000000e-01
6.240234375000000000e-01
5.546875000000000000e-01
6.015625000000000000e-01
5.556640625000000000e-01
6.464843750000000000e-01
6.435546875000000000e-01
5.878906250000000000e-01
6.464843750000000000e-01
6.552734375000000000e-01
6.298828125000000000e-01
6.123046875000000000e-01
6.376953125000000000e-01
6.083984375000000000e-01
6.074218750000000000e-01
5.830078125000000000e-01
5.673828125000000000e-01
5.908203125000000000e-01
5.722656250000000000e-01
5.166015625000000000e-01
6.660156250000000000e-01
5.468750000000000000e-01
6.337890625000000000e-01
6.201171875000000000e-01
5.703125000000000000e-01
5.927734375000000000e-01
6.191406250000000000e-01
5.712890625000000000e-01
5.693359375000000000e-01
6.113281250000000000e-01
6.152343750000000000e-01
6.152343750000000000e-01
5.703125000000000000e-01
5.947265625000000000e-01
6.435546875000000000e-01
6.230468750000000000e-01
6.777343750000000000e-01
6.572265625000000000e-01
6.035156250000000000e-01
5.888671875000000000e-01
6.757812500000000000e-01
6.474609375000000000e-01
6.630859375000000000e-01
6.220703125000000000e-01
6.523437500000000000e-01
5.742187500000000000e-01
6.210937500000000000e-01
5.771484375000000000e-01
5.976562500000000000e-01
5.693359375000000000e-01
5.966796875000000000e-01
6.650390625000000000e-01
5.527343750000000000e-01
6.552734375000000000e-01
5.976562500000000000e-01
5.332031250000000000e-01
6.308593750000000000e-01
6.425781250000000000e-01
5.761718750000000000e-01
5.830078125000000000e-01
6.025390625000000000e-01
6.015625000000000000e-01
6.464843750000000000e-01
6.201171875000000000e-01
6.015625000000000000e-01
6.376953125000000000e-01
6.054687500000000000e-01
6.396484375000000000e-01
6.494140625000000000e-01
6.279296875000000000e-01
5.996093750000000000e-01
5.625000000000000000e-01
5.576171875000000000e-01
6.093750000000000000e-01
6.406250000000000000e-01
5.898437500000000000e-01
5.966796875000000000e-01
5.966796875000000000e-01
6.005859375000000000e-01
5.683593750000000000e-01
6.298828125000000000e-01
6.210937500000000000e-01
5.927734375000000000e-01
5.791015625000000000e-01
6.718750000000000000e-01
5.751953125000000000e-01
5.517578125000000000e-01
6.005859375000000000e-01
5.888671875000000000e-01
6.230468750000000000e-01
6.005859375000000000e-01
6.250000000000000000e-01
5.957031250000000000e-01
6.289062500000000000e-01
6.074218750000000000e-01
5.625000000000000000e-01
6.005859375000000000e-01
6.630859375000000000e-01
6.083984375000000000e-01
6.728515625000000000e-01
5.810546875000000000e-01
6.191406250000000000e-01
6.074218750000000000e-01
6.093750000000000000e-01
5.781250000000000000e-01
6.074218750000000000e-01
6.201171875000000000e-01
6.318359375000000000e-01
5.546875000000000000e-01
5.634765625000000000e-01
6.162109375000000000e-01
6.435546875000000000e-01
6.357421875000000000e-01
6.171875000000000000e-01
5.869140625000000000e-01
5.566406250000000000e-01
5.664062500000000000e-01
6.123046875000000000e-01
5.761718750000000000e-01
6.347656250000000000e-01
6.699218750000000000e-01
6.093750000000000000e-01
5.830078125000000000e-01
5.742187500000000000e-01
6.708984375000000000e-01
6.093750000000000000e-01
5.722656250000000000e-01
6.142578125000000000e-01
5.566406250000000000e-01
6.015625000000000000e-01
5.878906250000000000e-01
5.732421875000000000e-01
6.298828125000000000e-01
6.025390625000000000e-01
7.119140625000000000e-01
6.474609375000000000e-01
6.279296875000000000e-01
6.210937500000000000e-01
6.181640625000000000e-01
6.279296875000000000e-01
5.390625000000000000e-01
6.308593750000000000e-01
5.742187500000000000e-01
6.044921875000000000e-01
5.927734375000000000e-01
6.142578125000000000e-01
6.044921875000000000e-01
6.230468750000000000e-01
6.035156250000000000e-01
6.152343750000000000e-01
5.810546875000000000e-01
6.093750000000000000e-01
5.673828125000000000e-01
6.220703125000000000e-01
6.533203125000000000e-01
5.908203125000000000e-01
5.976562500000000000e-01
6.074218750000000000e-01
5.712890625000000000e-01
6.484375000000000000e-01
6.093750000000000000e-01
6.152343750000000000e-01
5.439453125000000000e-01
6.152343750000000000e-01
5.771484375000000000e-01
6.230468750000000000e-01
5.781250000000000000e-01
6.132812500000000000e-01
5.839843750000000000e-01
5.742187500000000000e-01
6.210937500000000000e-01
5.683593750000000000e-01
6.181640625000000000e-01
6.025390625000000000e-01
6.093750000000000000e-01
5.859375000000000000e-01
6.347656250000000000e-01
6.318359375000000000e-01
6.337890625000000000e-01
6.162109375000000000e-01
6.064453125000000000e-01
6.054687500000000000e-01
6.220703125000000000e-01
6.406250000000000000e-01
5.566406250000000000e-01
5.917968750000000000e-01
5.595703125000000000e-01
6.240234375000000000e-01
5.986328125000000000e-01
5.888671875000000000e-01
6.318359375000000000e-01
6.191406250000000000e-01
6.660156250000000000e-01
6.152343750000000000e-01
6.035156250000000000e-01
6.162109375000000000e-01
6.308593750000000000e-01
5.712890625000000000e-01
5.800781250000000000e-01
5.888671875000000000e-01
5.576171875000000000e-01
6.005859375000000000e-01
6.113281250000000000e-01
6.250000000000000000e-01
6.074218750000000000e-01
6.367187500000000000e-01
5.878906250000000000e-01
6.259765625000000000e-01
6.494140625000000000e-01
6.025390625000000000e-01
6.093750000000000000e-01
6.425781250000000000e-01
5.898437500000000000e-01
6.650390625000000000e-01
6.904296875000000000e-01
5.986328125000000000e-01
5.986328125000000000e-01
5.478515625000000000e-01
6.220703125000000000e-01
6.484375000000000000e-01
6.054687500000000000e-01
5.927734375000000000e-01
5.947265625000000000e-01
5.800781250000000000e-01
5.986328125000000000e-01
6.474609375000000000e-01
6.132812500000000000e-01
5.791015625000000000e-01
5.751953125000000000e-01
6.562500000000000000e-01
6.083984375000000000e-01
6.142578125000000000e-01
5.498046875000000000e-01
6.230468750000000000e-01
5.878906250000000000e-01
6.357421875000000000e-01
6.035156250000000000e-01
5.947265625000000000e-01
6.406250000000000000e-01
6.289062500000000000e-01
6.591796875000000000e-01
5.390625000000000000e-01
6.025390625000000000e-01
5.976562500000000000e-01
5.673828125000000000e-01
6.132812500000000000e-01
5.888671875000000000e-01
6.162109375000000000e-01
5.947265625000000000e-01
5.820312500000000000e-01
6.376953125000000000e-01
6.484375000000000000e-01
5.791015625000000000e-01
6.015625000000000000e-01
6.318359375000000000e-01
6.171875000000000000e-01
5.820312500000000000e-01
6.210937500000000000e-01
5.927734375000000000e-01
6.318359375000000000e-01
5.947265625000000000e-01
5.927734375000000000e-01
6.083984375000000000e-01
5.605468750000000000e-01
6.376953125000000000e-01
5.859375000000000000e-01
5.517578125000000000e-01
6.005859375000000000e-01
6.347656250000000000e-01
5.781250000000000000e-01
6.337890625000000000e-01
6.279296875000000000e-01
6.054687500000000000e-01
6.230468750000000000e-01
5.986328125000000000e-01
5.849609375000000000e-01
6.171875000000000000e-01
6.181640625000000000e-01
6.142578125000000000e-01
5.898437500000000000e-01
5.947265625000000000e-01
6.357421875000000000e-01
5.878906250000000000e-01
5.888671875000000000e-01
6.259765625000000000e-01
6.142578125000000000e-01
6.230468750000000000e-01
5.830078125000000000e-01
6.279296875000000000e-01
6.240234375000000000e-01
6.093750000000000000e-01
6.191406250000000000e-01
6.269531250000000000e-01
5.654296875000000000e-01
6.191406250000000000e-01
6.347656250000000000e-01
5.908203125000000000e-01
6.289062500000000000e-01
6.181640625000000000e-01
6.337890625000000000e-01
6.230468750000000000e-01
6.152343750000000000e-01
6.269531250000000000e-01
5.986328125000000000e-01
6.347656250000000000e-01
6.416015625000000000e-01
6.123046875000000000e-01
5.927734375000000000e-01
6.865234375000000000e-01
5.292968750000000000e-01
5.644531250000000000e-01
6.220703125000000000e-01
5.644531250000000000e-01
5.742187500000000000e-01
6.210937500000000000e-01
6.064453125000000000e-01
5.947265625000000000e-01
5.751953125000000000e-01
5.849609375000000000e-01
6.210937500000000000e-01
6.376953125000000000e-01
6.289062500000000000e-01
6.123046875000000000e-01
6.308593750000000000e-01
5.859375000000000000e-01
5.839843750000000000e-01
6.406250000000000000e-01
5.869140625000000000e-01
5.771484375000000000e-01
6.181640625000000000e-01
6.113281250000000000e-01
6.298828125000000000e-01
5.664062500000000000e-01
5.966796875000000000e-01
