5.964531898498535156e-01
5.943331718444824219e-01
5.941514968872070312e-01
5.944595336914062500e-01
5.942263603210449219e-01
5.924725532531738281e-01
5.950896739959716797e-01
5.938062667846679688e-01
5.932812690734863281e-01
5.945372581481933594e-01
5.930728912353515625e-01
5.942854881286621094e-01
5.949993133544921875e-01
5.933051109313964844e-01
5.962588787078857422e-01
5.926349163055419922e-01
5.939092636108398438e-01
5.931560993194580078e-01
5.923571586608886719e-01
5.977258682250976562e-01
5.943365097045898438e-01
5.926463603973388672e-01
5.896861553192138672e-01
5.939781665802001953e-01
5.922870635986328125e-01
5.953180789947509766e-01
5.937924385070800781e-01
5.942678451538085938e-01
5.915901660919189453e-01
5.913670063018798828e-01
5.930793285369873047e-01
5.931236743927001953e-01
5.929682254791259766e-01
5.934057235717773438e-01
5.945496559143066406e-01
5.918180942535400391e-01
5.915436744689941406e-01
5.957307815551757812e-01
5.946662425994873047e-01
5.946080684661865234e-01
5.909082889556884766e-01
5.934801101684570312e-01
5.949294567108154297e-01
5.930941104888916016e-01
5.926425457000732422e-01
5.906381607055664062e-01
5.939087867736816406e-01
5.973608493804931641e-01
5.929744243621826172e-01
5.928051471710205078e-01
5.949852466583251953e-01
5.957646369934082031e-01
5.920777320861816406e-01
5.935666561126708984e-01
5.942533016204833984e-01
5.922648906707763672e-01
5.946538448333740234e-01
5.916526317596435547e-01
5.925583839416503906e-01
5.930151939392089844e-01
5.951604843139648438e-01
5.930767059326171875e-01
5.970423221588134766e-01
5.938496589660644531e-01
5.946111679077148438e-01
5.943067073822021484e-01
5.951662063598632812e-01
5.931713581085205078e-01
5.955636501312255859e-01
5.942561626434326172e-01
5.908753871917724609e-01
5.926828384399414062e-01
5.968842506408691406e-01
5.927941799163818359e-01
5.944328308105468750e-01
5.953159332275390625e-01
5.944175720214843750e-01
5.922906398773193359e-01
5.930082798004150391e-01
5.931096076965332031e-01
5.939025878906250000e-01
5.918066501617431641e-01
5.961747169494628906e-01
5.942969322204589844e-01
5.929455757141113281e-01
5.962669849395751953e-01
5.929591655731201172e-01
5.928530693054199219e-01
5.916500091552734375e-01
5.956699848175048828e-01
5.957908630371093750e-01
5.934658050537109375e-01
5.951354503631591797e-01
5.970103740692138672e-01
5.907862186431884766e-01
5.917890071868896484e-01
5.941219329833984375e-01
5.942499637603759766e-01
5.900397300720214844e-01
5.959432125091552734e-01
