5.863723754882812500e-01
5.911979675292968750e-01
6.030883789062500000e-01
5.906257629394531250e-01
6.028175354003906250e-01
5.953941345214843750e-01
5.993652343750000000e-01
5.949859619140625000e-01
5.974464416503906250e-01
5.927925109863281250e-01
5.988540649414062500e-01
5.951423645019531250e-01
5.969543457031250000e-01
6.017646789550781250e-01
5.978088378906250000e-01
5.938873291015625000e-01
5.939216613769531250e-01
5.922584533691406250e-01
5.973320007324218750e-01
5.939712524414062500e-01
5.946807861328125000e-01
5.957946777343750000e-01
5.890808105468750000e-01
5.951538085937500000e-01
5.908813476562500000e-01
5.954780578613281250e-01
5.962867736816406250e-01
5.966606140136718750e-01
5.899467468261718750e-01
5.922012329101562500e-01
5.963821411132812500e-01
5.949821472167968750e-01
5.918350219726562500e-01
5.968894958496093750e-01
6.006813049316406250e-01
5.903968811035156250e-01
5.955123901367187500e-01
5.994224548339843750e-01
6.023178100585937500e-01
5.917510986328125000e-01
5.914001464843750000e-01
5.939750671386718750e-01
5.966720581054687500e-01
5.958518981933593750e-01
5.952415466308593750e-01
5.994682312011718750e-01
5.915145874023437500e-01
6.033554077148437500e-01
5.915222167968750000e-01
5.944671630859375000e-01
5.934371948242187500e-01
5.818557739257812500e-01
5.952987670898437500e-01
5.962791442871093750e-01
5.900268554687500000e-01
5.955963134765625000e-01
6.001052856445312500e-01
5.971908569335937500e-01
6.020507812500000000e-01
5.967178344726562500e-01
5.993995666503906250e-01
5.928916931152343750e-01
5.932273864746093750e-01
5.961036682128906250e-01
5.898208618164062500e-01
5.955123901367187500e-01
5.923576354980468750e-01
6.002578735351562500e-01
5.922698974609375000e-01
5.936889648437500000e-01
5.974006652832031250e-01
5.991668701171875000e-01
5.916023254394531250e-01
5.993347167968750000e-01
5.898513793945312500e-01
5.955581665039062500e-01
5.919914245605468750e-01
5.964317321777343750e-01
5.899162292480468750e-01
5.938415527343750000e-01
5.934219360351562500e-01
5.895118713378906250e-01
6.010627746582031250e-01
5.908126831054687500e-01
5.933151245117187500e-01
5.902481079101562500e-01
5.969047546386718750e-01
6.050987243652343750e-01
5.860977172851562500e-01
5.950279235839843750e-01
5.908317565917968750e-01
5.971374511718750000e-01
5.958404541015625000e-01
5.984306335449218750e-01
5.956687927246093750e-01
5.930557250976562500e-01
5.979843139648437500e-01
5.928192138671875000e-01
5.992927551269531250e-01
5.869102478027343750e-01
5.972824096679687500e-01
5.995140075683593750e-01
5.960655212402343750e-01
5.984878540039062500e-01
5.893516540527343750e-01
5.989723205566406250e-01
5.937843322753906250e-01
5.909423828125000000e-01
5.974960327148437500e-01
6.018600463867187500e-01
5.983924865722656250e-01
5.937881469726562500e-01
5.966758728027343750e-01
6.012191772460937500e-01
5.939865112304687500e-01
5.894737243652343750e-01
5.966224670410156250e-01
5.965881347656250000e-01
5.924263000488281250e-01
5.968093872070312500e-01
5.882415771484375000e-01
5.976753234863281250e-01
5.945968627929687500e-01
5.925559997558593750e-01
5.874557495117187500e-01
5.994796752929687500e-01
5.889892578125000000e-01
5.989265441894531250e-01
5.912704467773437500e-01
5.940856933593750000e-01
5.945167541503906250e-01
5.940246582031250000e-01
5.907402038574218750e-01
5.970153808593750000e-01
5.983657836914062500e-01
5.975646972656250000e-01
6.038780212402343750e-01
5.914993286132812500e-01
5.932464599609375000e-01
5.918884277343750000e-01
5.979919433593750000e-01
5.923156738281250000e-01
5.943412780761718750e-01
5.906410217285156250e-01
5.917167663574218750e-01
5.948333740234375000e-01
5.956611633300781250e-01
5.951881408691406250e-01
6.026458740234375000e-01
5.973091125488281250e-01
6.015625000000000000e-01
5.953598022460937500e-01
5.890617370605468750e-01
5.999641418457031250e-01
5.972442626953125000e-01
5.929374694824218750e-01
5.912780761718750000e-01
5.943794250488281250e-01
5.962905883789062500e-01
5.974540710449218750e-01
5.926017761230468750e-01
5.892219543457031250e-01
5.913085937500000000e-01
5.919113159179687500e-01
5.958518981933593750e-01
5.979042053222656250e-01
5.960273742675781250e-01
6.128578186035156250e-01
5.879402160644531250e-01
6.000938415527343750e-01
6.026954650878906250e-01
5.946693420410156250e-01
5.914764404296875000e-01
5.955276489257812500e-01
5.948181152343750000e-01
5.991477966308593750e-01
5.978279113769531250e-01
5.942878723144531250e-01
6.032218933105468750e-01
6.017303466796875000e-01
5.929870605468750000e-01
5.921401977539062500e-01
5.897369384765625000e-01
5.991363525390625000e-01
5.944252014160156250e-01
5.869255065917968750e-01
5.973930358886718750e-01
6.026878356933593750e-01
5.951499938964843750e-01
5.905647277832031250e-01
5.973091125488281250e-01
6.050186157226562500e-01
5.988044738769531250e-01
6.015892028808593750e-01
5.937194824218750000e-01
5.980873107910156250e-01
5.985679626464843750e-01
5.949478149414062500e-01
5.877799987792968750e-01
5.946731567382812500e-01
5.985031127929687500e-01
5.947456359863281250e-01
5.931854248046875000e-01
5.829200744628906250e-01
5.870056152343750000e-01
5.976638793945312500e-01
5.982437133789062500e-01
6.034393310546875000e-01
5.897483825683593750e-01
5.979080200195312500e-01
5.948448181152343750e-01
5.959892272949218750e-01
5.980873107910156250e-01
5.899353027343750000e-01
5.896492004394531250e-01
5.893745422363281250e-01
5.899162292480468750e-01
6.015129089355468750e-01
5.902748107910156250e-01
5.972900390625000000e-01
5.945854187011718750e-01
5.947608947753906250e-01
5.845222473144531250e-01
5.970954895019531250e-01
5.900611877441406250e-01
5.915527343750000000e-01
5.914001464843750000e-01
5.955200195312500000e-01
5.983734130859375000e-01
5.931243896484375000e-01
6.067390441894531250e-01
5.989341735839843750e-01
5.960197448730468750e-01
5.929145812988281250e-01
5.973243713378906250e-01
5.936317443847656250e-01
5.956459045410156250e-01
5.856246948242187500e-01
5.988464355468750000e-01
5.906219482421875000e-01
5.936317443847656250e-01
5.951194763183593750e-01
5.993881225585937500e-01
5.889739990234375000e-01
5.912666320800781250e-01
5.957145690917968750e-01
5.901756286621093750e-01
5.950164794921875000e-01
5.902748107910156250e-01
5.933265686035156250e-01
5.957908630371093750e-01
5.995368957519531250e-01
5.986785888671875000e-01
5.992622375488281250e-01
5.888137817382812500e-01
6.017074584960937500e-01
6.022872924804687500e-01
5.940589904785156250e-01
5.996971130371093750e-01
5.959892272949218750e-01
5.921363830566406250e-01
5.922393798828125000e-01
5.919570922851562500e-01
5.920562744140625000e-01
5.951004028320312500e-01
5.949211120605468750e-01
5.969657897949218750e-01
5.971641540527343750e-01
5.990791320800781250e-01
5.911941528320312500e-01
5.989723205566406250e-01
5.996055603027343750e-01
5.989036560058593750e-01
5.887985229492187500e-01
5.927391052246093750e-01
5.884819030761718750e-01
5.942001342773437500e-01
5.930252075195312500e-01
5.895233154296875000e-01
5.966262817382812500e-01
5.901603698730468750e-01
6.051788330078125000e-01
6.024436950683593750e-01
5.892410278320312500e-01
5.938796997070312500e-01
6.006469726562500000e-01
5.888710021972656250e-01
5.933227539062500000e-01
5.924797058105468750e-01
5.888328552246093750e-01
5.989875793457031250e-01
5.948829650878906250e-01
5.901832580566406250e-01
5.948600769042968750e-01
5.976715087890625000e-01
5.946235656738281250e-01
6.000633239746093750e-01
5.960578918457031250e-01
5.924530029296875000e-01
5.964431762695312500e-01
5.933990478515625000e-01
5.960235595703125000e-01
5.945358276367187500e-01
5.855827331542968750e-01
5.965614318847656250e-01
5.954627990722656250e-01
5.957298278808593750e-01
5.929679870605468750e-01
6.004829406738281250e-01
5.986289978027343750e-01
5.889968872070312500e-01
5.878944396972656250e-01
5.968551635742187500e-01
5.959472656250000000e-01
5.972747802734375000e-01
6.033592224121093750e-01
5.987930297851562500e-01
5.978775024414062500e-01
5.982360839843750000e-01
5.936241149902343750e-01
5.913085937500000000e-01
5.940017700195312500e-01
5.950813293457031250e-01
5.966453552246093750e-01
5.904006958007812500e-01
5.973548889160156250e-01
5.898437500000000000e-01
5.913581848144531250e-01
5.907096862792968750e-01
5.855255126953125000e-01
5.941963195800781250e-01
5.996742248535156250e-01
5.939140319824218750e-01
5.941009521484375000e-01
5.941886901855468750e-01
5.953102111816406250e-01
5.960540771484375000e-01
6.025352478027343750e-01
5.870056152343750000e-01
5.954971313476562500e-01
5.915679931640625000e-01
5.922164916992187500e-01
6.005401611328125000e-01
5.947952270507812500e-01
5.913543701171875000e-01
5.926437377929687500e-01
5.945625305175781250e-01
5.915870666503906250e-01
5.998687744140625000e-01
5.985221862792968750e-01
5.979652404785156250e-01
5.844078063964843750e-01
5.953254699707031250e-01
5.972976684570312500e-01
5.999336242675781250e-01
5.914726257324218750e-01
5.923004150390625000e-01
5.921096801757812500e-01
6.016387939453125000e-01
6.007270812988281250e-01
5.911560058593750000e-01
6.007461547851562500e-01
5.959396362304687500e-01
5.928077697753906250e-01
5.969276428222656250e-01
5.948867797851562500e-01
5.845870971679687500e-01
5.966262817382812500e-01
6.011505126953125000e-01
5.896568298339843750e-01
5.877456665039062500e-01
5.921669006347656250e-01
6.026725769042968750e-01
5.978202819824218750e-01
6.044235229492187500e-01
5.967788696289062500e-01
5.940895080566406250e-01
5.931777954101562500e-01
5.945053100585937500e-01
5.912628173828125000e-01
5.928764343261718750e-01
5.976295471191406250e-01
5.949707031250000000e-01
5.968971252441406250e-01
5.977706909179687500e-01
5.939445495605468750e-01
5.988426208496093750e-01
5.927658081054687500e-01
5.972442626953125000e-01
5.939216613769531250e-01
5.927429199218750000e-01
5.984420776367187500e-01
5.922851562500000000e-01
5.997467041015625000e-01
5.935554504394531250e-01
5.953140258789062500e-01
5.916137695312500000e-01
5.974273681640625000e-01
5.913734436035156250e-01
5.828666687011718750e-01
5.866470336914062500e-01
5.950012207031250000e-01
6.018295288085937500e-01
5.934791564941406250e-01
5.983505249023437500e-01
5.939102172851562500e-01
5.968132019042968750e-01
6.001701354980468750e-01
5.895881652832031250e-01
5.981521606445312500e-01
5.918579101562500000e-01
5.938034057617187500e-01
5.950546264648437500e-01
5.949096679687500000e-01
5.951423645019531250e-01
5.926246643066406250e-01
5.948371887207031250e-01
5.907058715820312500e-01
6.024818420410156250e-01
5.884132385253906250e-01
5.964241027832031250e-01
5.957489013671875000e-01
5.960502624511718750e-01
5.921211242675781250e-01
5.989761352539062500e-01
5.980682373046875000e-01
5.951576232910156250e-01
5.867996215820312500e-01
5.919685363769531250e-01
5.997581481933593750e-01
5.890007019042968750e-01
6.010246276855468750e-01
5.947914123535156250e-01
5.904083251953125000e-01
5.965385437011718750e-01
5.921859741210937500e-01
5.930709838867187500e-01
5.886993408203125000e-01
5.914306640625000000e-01
5.973243713378906250e-01
5.921936035156250000e-01
5.924148559570312500e-01
5.918083190917968750e-01
5.860862731933593750e-01
5.976448059082031250e-01
5.972976684570312500e-01
5.938415527343750000e-01
6.016960144042968750e-01
5.884628295898437500e-01
5.882148742675781250e-01
6.036491394042968750e-01
5.909538269042968750e-01
5.956230163574218750e-01
5.945053100585937500e-01
5.980949401855468750e-01
5.942573547363281250e-01
5.959396362304687500e-01
5.967102050781250000e-01
5.915527343750000000e-01
5.998573303222656250e-01
5.918159484863281250e-01
5.951271057128906250e-01
6.028900146484375000e-01
5.948219299316406250e-01
6.008071899414062500e-01
5.922164916992187500e-01
5.956306457519531250e-01
5.952491760253906250e-01
5.986824035644531250e-01
5.993919372558593750e-01
5.957679748535156250e-01
5.953521728515625000e-01
5.952873229980468750e-01
5.960731506347656250e-01
5.907020568847656250e-01
5.959930419921875000e-01
5.936508178710937500e-01
5.958251953125000000e-01
5.916862487792968750e-01
5.895004272460937500e-01
5.949745178222656250e-01
5.902824401855468750e-01
5.956840515136718750e-01
5.920181274414062500e-01
5.998916625976562500e-01
5.951652526855468750e-01
6.019477844238281250e-01
5.933990478515625000e-01
5.958900451660156250e-01
5.987510681152343750e-01
5.987854003906250000e-01
5.920944213867187500e-01
5.959663391113281250e-01
5.913925170898437500e-01
5.924339294433593750e-01
5.858497619628906250e-01
5.968513488769531250e-01
5.905799865722656250e-01
5.935096740722656250e-01
5.918731689453125000e-01
5.985908508300781250e-01
5.910301208496093750e-01
5.952491760253906250e-01
5.913124084472656250e-01
5.864677429199218750e-01
5.905494689941406250e-01
5.882530212402343750e-01
5.919342041015625000e-01
5.985450744628906250e-01
5.948753356933593750e-01
5.992355346679687500e-01
5.896224975585937500e-01
5.934066772460937500e-01
5.939178466796875000e-01
5.919990539550781250e-01
6.022262573242187500e-01
6.018066406250000000e-01
5.974578857421875000e-01
5.866928100585937500e-01
5.916328430175781250e-01
5.925025939941406250e-01
5.948333740234375000e-01
5.898475646972656250e-01
5.928230285644531250e-01
5.889854431152343750e-01
5.986633300781250000e-01
5.864715576171875000e-01
6.032867431640625000e-01
5.989265441894531250e-01
5.918426513671875000e-01
5.984687805175781250e-01
5.876617431640625000e-01
5.929374694824218750e-01
5.945663452148437500e-01
5.870361328125000000e-01
5.933990478515625000e-01
5.948867797851562500e-01
5.954399108886718750e-01
5.921249389648437500e-01
5.986175537109375000e-01
5.971832275390625000e-01
5.940208435058593750e-01
5.959243774414062500e-01
5.960464477539062500e-01
6.032409667968750000e-01
5.970497131347656250e-01
5.991477966308593750e-01
5.887641906738281250e-01
5.911674499511718750e-01
6.031799316406250000e-01
5.946121215820312500e-01
5.954093933105468750e-01
5.933227539062500000e-01
6.008911132812500000e-01
5.993804931640625000e-01
5.998535156250000000e-01
6.032600402832031250e-01
6.050224304199218750e-01
5.986404418945312500e-01
5.898551940917968750e-01
5.931396484375000000e-01
5.934791564941406250e-01
5.922088623046875000e-01
5.973510742187500000e-01
5.975418090820312500e-01
5.909652709960937500e-01
5.934181213378906250e-01
5.950088500976562500e-01
5.966987609863281250e-01
5.987091064453125000e-01
6.011734008789062500e-01
5.998420715332031250e-01
5.927734375000000000e-01
5.933303833007812500e-01
5.829010009765625000e-01
5.977630615234375000e-01
5.986633300781250000e-01
5.809059143066406250e-01
5.938873291015625000e-01
5.916481018066406250e-01
5.909500122070312500e-01
5.925407409667968750e-01
5.864715576171875000e-01
5.907325744628906250e-01
5.941047668457031250e-01
6.037597656250000000e-01
5.939025878906250000e-01
5.901756286621093750e-01
5.930671691894531250e-01
6.022567749023437500e-01
5.885581970214843750e-01
5.987434387207031250e-01
5.986557006835937500e-01
5.903587341308593750e-01
5.821075439453125000e-01
5.940361022949218750e-01
6.034584045410156250e-01
5.925025939941406250e-01
6.000328063964843750e-01
6.001358032226562500e-01
5.906333923339843750e-01
5.950393676757812500e-01
5.963287353515625000e-01
5.978088378906250000e-01
5.914726257324218750e-01
5.949516296386718750e-01
5.972213745117187500e-01
5.919876098632812500e-01
5.968017578125000000e-01
5.934143066406250000e-01
5.933418273925781250e-01
5.976867675781250000e-01
5.930709838867187500e-01
5.908584594726562500e-01
5.884628295898437500e-01
6.009597778320312500e-01
5.963325500488281250e-01
5.931510925292968750e-01
6.035614013671875000e-01
5.993537902832031250e-01
5.949707031250000000e-01
5.888214111328125000e-01
5.942115783691406250e-01
5.917778015136718750e-01
5.950317382812500000e-01
6.041603088378906250e-01
5.843849182128906250e-01
6.037368774414062500e-01
5.977020263671875000e-01
5.916976928710937500e-01
5.961074829101562500e-01
5.983734130859375000e-01
5.931777954101562500e-01
5.942535400390625000e-01
5.946578979492187500e-01
5.941162109375000000e-01
6.026229858398437500e-01
5.975608825683593750e-01
5.977134704589843750e-01
5.993804931640625000e-01
5.917701721191406250e-01
5.898857116699218750e-01
5.966339111328125000e-01
5.959625244140625000e-01
5.968742370605468750e-01
5.969009399414062500e-01
5.904388427734375000e-01
5.895271301269531250e-01
5.932235717773437500e-01
5.915756225585937500e-01
5.916557312011718750e-01
6.043510437011718750e-01
5.956230163574218750e-01
5.966224670410156250e-01
5.924339294433593750e-01
5.983200073242187500e-01
5.925254821777343750e-01
5.995178222656250000e-01
5.920066833496093750e-01
5.949020385742187500e-01
5.912055969238281250e-01
6.000785827636718750e-01
5.952835083007812500e-01
5.966262817382812500e-01
5.929183959960937500e-01
5.937423706054687500e-01
5.974884033203125000e-01
5.932655334472656250e-01
6.016960144042968750e-01
5.908432006835937500e-01
5.914001464843750000e-01
5.921974182128906250e-01
6.044425964355468750e-01
5.955162048339843750e-01
5.992851257324218750e-01
5.872116088867187500e-01
5.931549072265625000e-01
5.935974121093750000e-01
5.887145996093750000e-01
5.907096862792968750e-01
6.009407043457031250e-01
5.962905883789062500e-01
6.001205444335937500e-01
5.972862243652343750e-01
6.013069152832031250e-01
6.009826660156250000e-01
5.968093872070312500e-01
5.905303955078125000e-01
5.905227661132812500e-01
5.921554565429687500e-01
5.923805236816406250e-01
5.920295715332031250e-01
6.021308898925781250e-01
5.915451049804687500e-01
5.967140197753906250e-01
5.889129638671875000e-01
5.933456420898437500e-01
5.955963134765625000e-01
5.895080566406250000e-01
5.924949645996093750e-01
5.891380310058593750e-01
5.932006835937500000e-01
5.906562805175781250e-01
5.960502624511718750e-01
6.068878173828125000e-01
5.936698913574218750e-01
5.929107666015625000e-01
5.994338989257812500e-01
5.956039428710937500e-01
6.010208129882812500e-01
5.998153686523437500e-01
5.987777709960937500e-01
5.920524597167968750e-01
5.982208251953125000e-01
5.896568298339843750e-01
5.879669189453125000e-01
5.986480712890625000e-01
5.945968627929687500e-01
6.066360473632812500e-01
5.872955322265625000e-01
5.911216735839843750e-01
5.914154052734375000e-01
5.919837951660156250e-01
5.943298339843750000e-01
5.949134826660156250e-01
5.979957580566406250e-01
5.916175842285156250e-01
5.885467529296875000e-01
5.932273864746093750e-01
5.983543395996093750e-01
5.898056030273437500e-01
5.933456420898437500e-01
5.934219360351562500e-01
5.904197692871093750e-01
5.942382812500000000e-01
5.948066711425781250e-01
5.897560119628906250e-01
5.959129333496093750e-01
5.914573669433593750e-01
5.936508178710937500e-01
5.911636352539062500e-01
5.920410156250000000e-01
5.972900390625000000e-01
5.999603271484375000e-01
5.878639221191406250e-01
5.977630615234375000e-01
5.927772521972656250e-01
5.937042236328125000e-01
6.061706542968750000e-01
5.951957702636718750e-01
6.045951843261718750e-01
5.967445373535156250e-01
5.967750549316406250e-01
5.953483581542968750e-01
5.836334228515625000e-01
5.966186523437500000e-01
5.970764160156250000e-01
6.021690368652343750e-01
5.988883972167968750e-01
6.011352539062500000e-01
5.983886718750000000e-01
5.986785888671875000e-01
5.889549255371093750e-01
5.913352966308593750e-01
5.893669128417968750e-01
5.927162170410156250e-01
5.921401977539062500e-01
5.870437622070312500e-01
5.908775329589843750e-01
5.905647277832031250e-01
5.937194824218750000e-01
5.974693298339843750e-01
5.933189392089843750e-01
5.963325500488281250e-01
5.955009460449218750e-01
5.969581604003906250e-01
5.967140197753906250e-01
5.995750427246093750e-01
5.918884277343750000e-01
5.915412902832031250e-01
5.923995971679687500e-01
5.937728881835937500e-01
5.940895080566406250e-01
5.887870788574218750e-01
5.929565429687500000e-01
5.953369140625000000e-01
5.885620117187500000e-01
5.910568237304687500e-01
5.932655334472656250e-01
5.892181396484375000e-01
5.960998535156250000e-01
6.023178100585937500e-01
6.017532348632812500e-01
5.954513549804687500e-01
5.942611694335937500e-01
5.940322875976562500e-01
5.895767211914062500e-01
5.951156616210937500e-01
5.954780578613281250e-01
5.967216491699218750e-01
5.861434936523437500e-01
5.972595214843750000e-01
5.977516174316406250e-01
5.974273681640625000e-01
5.916252136230468750e-01
5.920257568359375000e-01
5.918693542480468750e-01
5.935859680175781250e-01
6.026306152343750000e-01
5.935745239257812500e-01
5.942611694335937500e-01
5.944061279296875000e-01
6.008148193359375000e-01
5.950431823730468750e-01
5.948562622070312500e-01
6.010398864746093750e-01
5.966720581054687500e-01
5.935592651367187500e-01
5.970306396484375000e-01
5.917282104492187500e-01
5.943183898925781250e-01
5.959701538085937500e-01
6.021728515625000000e-01
5.924110412597656250e-01
5.916252136230468750e-01
5.910072326660156250e-01
6.014595031738281250e-01
5.883216857910156250e-01
5.953407287597656250e-01
6.032714843750000000e-01
5.959815979003906250e-01
5.947914123535156250e-01
5.911941528320312500e-01
5.989646911621093750e-01
5.918960571289062500e-01
5.850448608398437500e-01
5.979957580566406250e-01
5.896682739257812500e-01
5.911445617675781250e-01
5.960044860839843750e-01
5.923614501953125000e-01
5.879783630371093750e-01
5.978965759277343750e-01
5.936660766601562500e-01
5.942840576171875000e-01
5.916099548339843750e-01
5.947341918945312500e-01
5.972709655761718750e-01
5.896148681640625000e-01
5.995216369628906250e-01
5.945549011230468750e-01
5.900955200195312500e-01
6.000022888183593750e-01
5.960617065429687500e-01
5.938987731933593750e-01
5.887451171875000000e-01
6.050682067871093750e-01
6.061248779296875000e-01
5.897827148437500000e-01
5.871849060058593750e-01
5.829772949218750000e-01
5.953369140625000000e-01
5.937919616699218750e-01
5.974922180175781250e-01
5.934791564941406250e-01
5.956230163574218750e-01
5.879211425781250000e-01
5.903549194335937500e-01
6.027984619140625000e-01
6.055030822753906250e-01
5.885772705078125000e-01
5.922164916992187500e-01
5.954132080078125000e-01
5.956153869628906250e-01
6.015319824218750000e-01
6.076240539550781250e-01
5.934448242187500000e-01
5.993881225585937500e-01
5.990257263183593750e-01
5.938034057617187500e-01
5.923461914062500000e-01
5.962791442871093750e-01
5.981140136718750000e-01
5.903549194335937500e-01
5.971984863281250000e-01
5.973167419433593750e-01
5.895462036132812500e-01
5.972976684570312500e-01
6.027908325195312500e-01
5.914993286132812500e-01
5.955848693847656250e-01
6.088142395019531250e-01
5.869636535644531250e-01
5.928764343261718750e-01
5.963058471679687500e-01
5.958328247070312500e-01
5.903358459472656250e-01
5.936012268066406250e-01
5.929603576660156250e-01
5.941429138183593750e-01
5.962562561035156250e-01
6.025772094726562500e-01
5.936660766601562500e-01
5.988540649414062500e-01
6.011085510253906250e-01
5.935745239257812500e-01
6.023521423339843750e-01
6.008758544921875000e-01
5.956726074218750000e-01
6.007461547851562500e-01
5.926971435546875000e-01
5.909271240234375000e-01
5.988349914550781250e-01
5.900421142578125000e-01
5.960235595703125000e-01
5.911293029785156250e-01
5.875434875488281250e-01
5.895156860351562500e-01
5.943107604980468750e-01
5.916099548339843750e-01
5.950775146484375000e-01
5.955352783203125000e-01
5.936584472656250000e-01
5.924186706542968750e-01
5.881309509277343750e-01
5.939979553222656250e-01
5.941238403320312500e-01
5.996589660644531250e-01
5.934333801269531250e-01
5.958137512207031250e-01
5.938606262207031250e-01
5.878334045410156250e-01
5.966262817382812500e-01
5.983734130859375000e-01
5.898094177246093750e-01
5.949211120605468750e-01
5.889434814453125000e-01
5.988235473632812500e-01
5.957374572753906250e-01
6.009178161621093750e-01
5.921249389648437500e-01
5.976219177246093750e-01
5.960655212402343750e-01
5.920486450195312500e-01
5.940818786621093750e-01
5.991134643554687500e-01
5.985412597656250000e-01
5.882873535156250000e-01
5.880126953125000000e-01
5.891647338867187500e-01
5.913734436035156250e-01
5.960464477539062500e-01
5.968360900878906250e-01
5.903587341308593750e-01
5.956802368164062500e-01
5.902290344238281250e-01
5.850181579589843750e-01
5.953102111816406250e-01
5.974044799804687500e-01
5.810470581054687500e-01
5.949172973632812500e-01
5.990295410156250000e-01
5.978431701660156250e-01
5.955619812011718750e-01
5.941505432128906250e-01
5.918846130371093750e-01
6.037139892578125000e-01
5.937004089355468750e-01
5.969581604003906250e-01
6.002426147460937500e-01
5.953636169433593750e-01
5.957489013671875000e-01
5.918922424316406250e-01
5.952301025390625000e-01
5.838470458984375000e-01
5.980644226074218750e-01
5.884284973144531250e-01
5.894660949707031250e-01
5.999221801757812500e-01
5.948753356933593750e-01
5.963363647460937500e-01
5.806159973144531250e-01
5.975112915039062500e-01
5.921134948730468750e-01
5.877647399902343750e-01
5.972595214843750000e-01
6.015777587890625000e-01
5.944366455078125000e-01
5.998878479003906250e-01
5.968742370605468750e-01
5.957641601562500000e-01
6.007766723632812500e-01
5.958633422851562500e-01
5.979309082031250000e-01
5.901527404785156250e-01
5.910415649414062500e-01
5.899085998535156250e-01
5.950012207031250000e-01
5.929412841796875000e-01
5.898208618164062500e-01
