6.552734375000000000e-01
6.044921875000000000e-01
6.289062500000000000e-01
5.976562500000000000e-01
5.878906250000000000e-01
6.357421875000000000e-01
5.781250000000000000e-01
5.576171875000000000e-01
6.523437500000000000e-01
6.259765625000000000e-01
6.533203125000000000e-01
5.664062500000000000e-01
6.005859375000000000e-01
6.269531250000000000e-01
6.699218750000000000e-01
5.419921875000000000e-01
5.976562500000000000e-01
6.367187500000000000e-01
6.083984375000000000e-01
6.191406250000000000e-01
5.869140625000000000e-01
5.888671875000000000e-01
5.751953125000000000e-01
6.025390625000000000e-01
5.712890625000000000e-01
6.113281250000000000e-01
6.474609375000000000e-01
6.425781250000000000e-01
6.181640625000000000e-01
6.308593750000000000e-01
6.328125000000000000e-01
6.015625000000000000e-01
6.171875000000000000e-01
6.416015625000000000e-01
5.986328125000000000e-01
6.162109375000000000e-01
5.576171875000000000e-01
6.464843750000000000e-01
5.312500000000000000e-01
6.250000000000000000e-01
5.869140625000000000e-01
5.996093750000000000e-01
6.259765625000000000e-01
5.781250000000000000e-01
5.419921875000000000e-01
6.689453125000000000e-01
5.537109375000000000e-01
6.552734375000000000e-01
6.250000000000000000e-01
6.875000000000000000e-01
5.839843750000000000e-01
6.035156250000000000e-01
5.595703125000000000e-01
5.722656250000000000e-01
5.869140625000000000e-01
5.927734375000000000e-01
6.816406250000000000e-01
5.917968750000000000e-01
5.976562500000000000e-01
6.152343750000000000e-01
6.435546875000000000e-01
6.689453125000000000e-01
6.298828125000000000e-01
5.732421875000000000e-01
6.562500000000000000e-01
5.859375000000000000e-01
5.878906250000000000e-01
6.015625000000000000e-01
5.634765625000000000e-01
6.464843750000000000e-01
6.093750000000000000e-01
5.537109375000000000e-01
6.093750000000000000e-01
5.849609375000000000e-01
6.572265625000000000e-01
6.416015625000000000e-01
5.888671875000000000e-01
5.634765625000000000e-01
6.142578125000000000e-01
6.318359375000000000e-01
6.269531250000000000e-01
6.777343750000000000e-01
6.093750000000000000e-01
6.318359375000000000e-01
6.201171875000000000e-01
6.318359375000000000e-01
6.230468750000000000e-01
6.250000000000000000e-01
6.074218750000000000e-01
6.054687500000000000e-01
5.585937500000000000e-01
6.123046875000000000e-01
6.669921875000000000e-01
6.152343750000000000e-01
5.849609375000000000e-01
6.201171875000000000e-01
6.279296875000000000e-01
6.093750000000000000e-01
6.328125000000000000e-01
6.484375000000000000e-01
