5.918884277343750000e-01
6.020202636718750000e-01
6.066284179687500000e-01
6.085052490234375000e-01
6.000976562500000000e-01
5.892333984375000000e-01
5.967864990234375000e-01
6.027526855468750000e-01
5.868682861328125000e-01
5.900268554687500000e-01
5.905761718750000000e-01
6.005096435546875000e-01
6.004638671875000000e-01
5.970458984375000000e-01
5.957946777343750000e-01
5.925140380859375000e-01
6.004486083984375000e-01
5.907135009765625000e-01
5.984344482421875000e-01
5.938262939453125000e-01
5.979003906250000000e-01
5.929107666015625000e-01
5.942077636718750000e-01
5.906524658203125000e-01
5.884399414062500000e-01
5.859222412109375000e-01
5.923767089843750000e-01
5.908508300781250000e-01
5.916595458984375000e-01
5.954742431640625000e-01
5.976867675781250000e-01
5.988006591796875000e-01
6.046905517578125000e-01
5.959625244140625000e-01
5.914916992187500000e-01
5.951995849609375000e-01
5.933990478515625000e-01
5.903472900390625000e-01
6.129913330078125000e-01
5.892028808593750000e-01
5.976867675781250000e-01
5.870056152343750000e-01
5.800170898437500000e-01
5.859375000000000000e-01
5.909271240234375000e-01
6.031951904296875000e-01
6.103820800781250000e-01
5.985565185546875000e-01
6.064147949218750000e-01
6.043090820312500000e-01
5.939941406250000000e-01
6.010589599609375000e-01
5.939178466796875000e-01
5.937652587890625000e-01
5.973358154296875000e-01
5.942230224609375000e-01
5.923919677734375000e-01
5.878295898437500000e-01
6.043853759765625000e-01
5.963134765625000000e-01
5.913238525390625000e-01
5.931701660156250000e-01
5.867156982421875000e-01
5.878143310546875000e-01
5.958099365234375000e-01
5.941925048828125000e-01
5.958099365234375000e-01
6.018371582031250000e-01
5.959472656250000000e-01
5.879211425781250000e-01
6.000213623046875000e-01
5.968933105468750000e-01
5.958709716796875000e-01
5.944824218750000000e-01
6.011810302734375000e-01
5.963745117187500000e-01
5.902709960937500000e-01
5.951995849609375000e-01
5.945739746093750000e-01
5.914764404296875000e-01
5.911407470703125000e-01
5.782012939453125000e-01
6.025848388671875000e-01
5.993499755859375000e-01
5.892944335937500000e-01
5.815582275390625000e-01
6.077575683593750000e-01
6.083679199218750000e-01
5.960693359375000000e-01
5.984039306640625000e-01
5.887603759765625000e-01
5.998382568359375000e-01
5.980224609375000000e-01
5.865936279296875000e-01
6.047973632812500000e-01
6.009063720703125000e-01
5.880737304687500000e-01
6.065063476562500000e-01
6.004028320312500000e-01
5.835418701171875000e-01
