5.708884688090737347e-01
6.313799621928166683e-01
5.897920604914933529e-01
6.880907372400756339e-01
6.219281663516068592e-01
5.822306238185255278e-01
6.049149338374291140e-01
5.765595463137995758e-01
6.370510396975425094e-01
5.614366729678639256e-01
5.841209829867675118e-01
6.389413988657844934e-01
6.143667296786389231e-01
5.746691871455577028e-01
5.689981096408317507e-01
6.011342155009451460e-01
6.030245746691871300e-01
6.143667296786389231e-01
6.219281663516068592e-01
6.030245746691871300e-01
5.935727788279773209e-01
5.708884688090737347e-01
5.916824196597353369e-01
5.916824196597353369e-01
6.162570888468809072e-01
5.482041587901701485e-01
6.011342155009451460e-01
6.408317580340264774e-01
6.275992438563327003e-01
5.841209829867675118e-01
6.181474480151228912e-01
6.049149338374291140e-01
6.181474480151228912e-01
5.425330812854441964e-01
5.897920604914933529e-01
6.275992438563327003e-01
5.973534971644612890e-01
5.916824196597353369e-01
6.124763705103969391e-01
6.729678638941398727e-01
6.465028355387523185e-01
6.786389413988658248e-01
6.862003780718336499e-01
6.559546313799622386e-01
6.049149338374291140e-01
6.635160680529300636e-01
5.576559546313799576e-01
6.124763705103969391e-01
5.444234404536861804e-01
6.181474480151228912e-01
5.482041587901701485e-01
6.370510396975425094e-01
6.635160680529300636e-01
5.652173913043477826e-01
6.975425330812854430e-01
5.330812854442343873e-01
6.427221172022684614e-01
6.030245746691871300e-01
5.841209829867675118e-01
5.576559546313799576e-01
5.689981096408317507e-01
6.483931947069943025e-01
7.164461247637050612e-01
6.275992438563327003e-01
5.633270321361059096e-01
5.689981096408317507e-01
5.992438563327031620e-01
6.918714555765594909e-01
6.332703213610586523e-01
5.765595463137995758e-01
6.465028355387523185e-01
5.954631379962193050e-01
6.011342155009451460e-01
6.124763705103969391e-01
6.238185255198487322e-01
6.540642722117202545e-01
5.576559546313799576e-01
5.860113421550094959e-01
6.635160680529300636e-01
5.595463137996219416e-01
6.483931947069943025e-01
6.181474480151228912e-01
6.068052930056710981e-01
5.765595463137995758e-01
6.181474480151228912e-01
6.559546313799622386e-01
5.652173913043477826e-01
5.822306238185255278e-01
6.105860113421549551e-01
6.332703213610586523e-01
6.238185255198487322e-01
6.011342155009451460e-01
5.841209829867675118e-01
6.427221172022684614e-01
5.879017013232513689e-01
5.689981096408317507e-01
6.351606805293005253e-01
5.935727788279773209e-01
6.124763705103969391e-01
5.671077504725897667e-01
