5.972290039062500000e-01
6.058349609375000000e-01
6.193237304687500000e-01
5.891723632812500000e-01
6.051025390625000000e-01
6.001586914062500000e-01
6.100463867187500000e-01
5.826416015625000000e-01
5.942382812500000000e-01
5.756225585937500000e-01
6.077270507812500000e-01
6.042480468750000000e-01
6.071777343750000000e-01
5.983276367187500000e-01
6.108398437500000000e-01
5.875244140625000000e-01
5.787353515625000000e-01
5.836791992187500000e-01
5.813598632812500000e-01
5.958862304687500000e-01
5.863647460937500000e-01
6.148071289062500000e-01
5.881347656250000000e-01
6.054687500000000000e-01
5.903930664062500000e-01
5.836181640625000000e-01
5.852050781250000000e-01
6.015625000000000000e-01
5.946655273437500000e-01
6.215209960937500000e-01
5.870361328125000000e-01
6.044921875000000000e-01
5.984497070312500000e-01
6.351318359375000000e-01
5.819091796875000000e-01
6.317749023437500000e-01
5.960693359375000000e-01
6.154785156250000000e-01
6.019897460937500000e-01
6.005249023437500000e-01
5.806884765625000000e-01
5.621948242187500000e-01
5.836791992187500000e-01
6.032714843750000000e-01
6.212768554687500000e-01
5.904541015625000000e-01
5.908813476562500000e-01
5.950317382812500000e-01
6.031494140625000000e-01
5.891113281250000000e-01
5.782470703125000000e-01
6.044921875000000000e-01
6.065063476562500000e-01
6.243896484375000000e-01
6.107177734375000000e-01
5.924682617187500000e-01
5.768432617187500000e-01
6.045532226562500000e-01
6.018676757812500000e-01
6.099243164062500000e-01
5.969238281250000000e-01
5.953369140625000000e-01
5.689086914062500000e-01
6.052246093750000000e-01
6.190795898437500000e-01
5.812377929687500000e-01
6.147460937500000000e-01
6.041870117187500000e-01
5.899658203125000000e-01
6.010131835937500000e-01
5.846557617187500000e-01
5.976562500000000000e-01
6.188964843750000000e-01
5.898437500000000000e-01
5.932006835937500000e-01
5.901489257812500000e-01
5.908203125000000000e-01
5.883789062500000000e-01
5.932617187500000000e-01
6.018676757812500000e-01
6.097412109375000000e-01
6.013183593750000000e-01
5.879516601562500000e-01
6.048583984375000000e-01
5.983276367187500000e-01
5.975341796875000000e-01
6.095581054687500000e-01
5.946044921875000000e-01
6.021118164062500000e-01
5.973510742187500000e-01
5.946044921875000000e-01
5.930175781250000000e-01
6.055908203125000000e-01
5.883178710937500000e-01
5.993041992187500000e-01
5.878295898437500000e-01
5.975341796875000000e-01
6.220092773437500000e-01
5.992431640625000000e-01
6.160278320312500000e-01
