5.906629562377929688e-01
5.898752212524414062e-01
5.904121398925781250e-01
5.907497406005859375e-01
5.940570831298828125e-01
5.935783386230468750e-01
5.888862609863281250e-01
5.936193466186523438e-01
5.963163375854492188e-01
5.939226150512695312e-01
5.938482284545898438e-01
5.943727493286132812e-01
5.929727554321289062e-01
5.951576232910156250e-01
5.965852737426757812e-01
5.991001129150390625e-01
5.946083068847656250e-01
5.956106185913085938e-01
5.936975479125976562e-01
5.903530120849609375e-01
5.939340591430664062e-01
5.967807769775390625e-01
5.909919738769531250e-01
5.910110473632812500e-01
5.964403152465820312e-01
5.938215255737304688e-01
5.949220657348632812e-01
5.933856964111328125e-01
5.941972732543945312e-01
5.948181152343750000e-01
5.972480773925781250e-01
5.958433151245117188e-01
5.930013656616210938e-01
5.870599746704101562e-01
5.987977981567382812e-01
5.918769836425781250e-01
6.016798019409179688e-01
5.880146026611328125e-01
5.954885482788085938e-01
5.966634750366210938e-01
5.952587127685546875e-01
5.943164825439453125e-01
5.940265655517578125e-01
5.954360961914062500e-01
5.943994522094726562e-01
5.923070907592773438e-01
5.928697586059570312e-01
5.924558639526367188e-01
5.905714035034179688e-01
5.910730361938476562e-01
5.896091461181640625e-01
5.942544937133789062e-01
5.958757400512695312e-01
5.981636047363281250e-01
5.940332412719726562e-01
5.967235565185546875e-01
5.918827056884765625e-01
5.897226333618164062e-01
5.896558761596679688e-01
5.911083221435546875e-01
5.943593978881835938e-01
5.968046188354492188e-01
5.932025909423828125e-01
5.949907302856445312e-01
5.938386917114257812e-01
5.937147140502929688e-01
5.955591201782226562e-01
5.979318618774414062e-01
5.972700119018554688e-01
5.942325592041015625e-01
5.949373245239257812e-01
5.982923507690429688e-01
5.875806808471679688e-01
5.936136245727539062e-01
5.978298187255859375e-01
5.962743759155273438e-01
5.961704254150390625e-01
5.946226119995117188e-01
5.945148468017578125e-01
5.926666259765625000e-01
5.920286178588867188e-01
5.932693481445312500e-01
5.971765518188476562e-01
5.969781875610351562e-01
5.951490402221679688e-01
5.957956314086914062e-01
5.922555923461914062e-01
5.903196334838867188e-01
5.929384231567382812e-01
5.956230163574218750e-01
5.938997268676757812e-01
5.939035415649414062e-01
5.937070846557617188e-01
5.916357040405273438e-01
5.967864990234375000e-01
5.943088531494140625e-01
5.946035385131835938e-01
5.904645919799804688e-01
5.989255905151367188e-01
5.945940017700195312e-01
