5.878099173553719137e-01
6.208677685950413361e-01
6.704545454545454142e-01
6.590909090909090606e-01
6.012396694214876547e-01
6.095041322314049825e-01
5.934917355371900349e-01
5.965909090909090606e-01
5.872933884297520946e-01
6.219008264462809743e-01
5.738636363636363535e-01
6.033057851239669311e-01
5.816115702479338623e-01
6.058884297520661377e-01
6.053719008264463186e-01
6.332644628099173278e-01
6.363636363636363535e-01
5.950413223140496033e-01
5.836776859504132497e-01
6.234504132231405427e-01
5.847107438016528880e-01
6.017561983471074738e-01
5.934917355371900349e-01
5.650826446280992066e-01
6.229338842975206125e-01
6.167355371900826722e-01
6.069214876033057759e-01
6.301652892561983021e-01
5.733471074380165344e-01
5.702479338842975087e-01
6.317148760330578705e-01
6.280991735537190257e-01
6.069214876033057759e-01
5.981404958677686290e-01
6.399793388429751984e-01
5.779958677685950175e-01
5.898760330578511901e-01
6.239669421487603618e-01
5.361570247933884481e-01
5.852272727272727071e-01
5.645661157024793875e-01
5.743801652892561727e-01
5.888429752066115519e-01
5.852272727272727071e-01
6.048553719008264995e-01
5.893595041322313710e-01
5.816115702479338623e-01
5.883264462809917328e-01
6.270661157024793875e-01
5.924586776859503967e-01
5.821280991735536814e-01
5.800619834710744049e-01
5.702479338842975087e-01
5.986570247933884481e-01
5.950413223140496033e-01
5.986570247933884481e-01
5.955578512396694224e-01
5.976239669421488099e-01
5.950413223140496033e-01
6.012396694214876547e-01
6.002066115702479054e-01
6.404958677685950175e-01
6.203512396694215170e-01
6.720041322314049825e-01
6.007231404958677246e-01
6.136363636363636465e-01
6.115702479338842590e-01
5.816115702479338623e-01
6.296487603305784830e-01
5.712809917355371470e-01
6.203512396694215170e-01
5.650826446280992066e-01
6.425619834710744049e-01
6.528925619834711203e-01
6.126033057851240082e-01
6.058884297520661377e-01
5.594008264462809743e-01
6.053719008264463186e-01
5.955578512396694224e-01
6.203512396694215170e-01
5.976239669421488099e-01
6.141528925619834656e-01
6.007231404958677246e-01
6.027892561983471120e-01
5.898760330578511901e-01
5.976239669421488099e-01
6.306818181818182323e-01
6.224173553719007934e-01
5.847107438016528880e-01
5.986570247933884481e-01
6.306818181818182323e-01
5.878099173553719137e-01
5.847107438016528880e-01
6.177685950413223104e-01
5.996900826446280863e-01
6.141528925619834656e-01
6.167355371900826722e-01
5.867768595041322754e-01
6.239669421487603618e-01
5.810950413223140432e-01
