6.030245746691871300e-01
6.294896030245746843e-01
6.011342155009451460e-01
5.482041587901701485e-01
5.935727788279773209e-01
5.746691871455577028e-01
6.351606805293005253e-01
6.068052930056710981e-01
6.030245746691871300e-01
6.219281663516068592e-01
6.143667296786389231e-01
5.935727788279773209e-01
5.916824196597353369e-01
6.540642722117202545e-01
6.370510396975425094e-01
5.822306238185255278e-01
6.427221172022684614e-01
5.463137996219281645e-01
6.332703213610586523e-01
6.200378071833648752e-01
6.351606805293005253e-01
5.841209829867675118e-01
6.597353497164460956e-01
5.784499054820415598e-01
6.181474480151228912e-01
5.935727788279773209e-01
6.143667296786389231e-01
6.408317580340264774e-01
6.483931947069943025e-01
6.275992438563327003e-01
5.708884688090737347e-01
6.143667296786389231e-01
6.219281663516068592e-01
6.559546313799622386e-01
6.219281663516068592e-01
6.313799621928166683e-01
5.482041587901701485e-01
5.954631379962193050e-01
6.843100189035916658e-01
5.897920604914933529e-01
6.275992438563327003e-01
5.500945179584121325e-01
5.916824196597353369e-01
6.956521739130434590e-01
6.275992438563327003e-01
5.633270321361059096e-01
5.992438563327031620e-01
6.181474480151228912e-01
5.595463137996219416e-01
5.689981096408317507e-01
6.521739130434782705e-01
5.973534971644612890e-01
5.973534971644612890e-01
6.219281663516068592e-01
5.841209829867675118e-01
6.351606805293005253e-01
5.614366729678639256e-01
4.971644612476370240e-01
6.559546313799622386e-01
6.086956521739130821e-01
6.389413988657844934e-01
5.860113421550094959e-01
5.954631379962193050e-01
6.994328922495274270e-01
5.860113421550094959e-01
6.105860113421549551e-01
5.274102079395085463e-01
5.255198487712665623e-01
5.973534971644612890e-01
5.935727788279773209e-01
5.935727788279773209e-01
6.880907372400756339e-01
5.879017013232513689e-01
6.275992438563327003e-01
6.086956521739130821e-01
6.408317580340264774e-01
5.916824196597353369e-01
5.935727788279773209e-01
6.427221172022684614e-01
6.994328922495274270e-01
5.973534971644612890e-01
6.446124763705104455e-01
6.124763705103969391e-01
5.897920604914933529e-01
5.841209829867675118e-01
6.483931947069943025e-01
6.294896030245746843e-01
6.635160680529300636e-01
6.275992438563327003e-01
6.389413988657844934e-01
6.483931947069943025e-01
6.616257088846880796e-01
6.937618147448014749e-01
6.086956521739130821e-01
5.935727788279773209e-01
6.578449905482041116e-01
5.841209829867675118e-01
6.257088846880907163e-01
5.992438563327031620e-01
5.935727788279773209e-01
5.708884688090737347e-01
6.786389413988658248e-01
6.691871455576559047e-01
6.219281663516068592e-01
6.275992438563327003e-01
6.313799621928166683e-01
5.765595463137995758e-01
6.181474480151228912e-01
6.086956521739130821e-01
6.200378071833648752e-01
6.257088846880907163e-01
5.954631379962193050e-01
6.521739130434782705e-01
5.274102079395085463e-01
6.049149338374291140e-01
5.935727788279773209e-01
5.879017013232513689e-01
6.219281663516068592e-01
6.408317580340264774e-01
5.633270321361059096e-01
6.294896030245746843e-01
6.219281663516068592e-01
5.746691871455577028e-01
6.767485822306238408e-01
5.671077504725897667e-01
5.803402646502835438e-01
5.614366729678639256e-01
6.143667296786389231e-01
6.597353497164460956e-01
6.294896030245746843e-01
6.124763705103969391e-01
6.181474480151228912e-01
6.086956521739130821e-01
6.975425330812854430e-01
6.313799621928166683e-01
6.635160680529300636e-01
5.274102079395085463e-01
6.559546313799622386e-01
6.729678638941398727e-01
6.389413988657844934e-01
6.275992438563327003e-01
5.746691871455577028e-01
6.181474480151228912e-01
5.765595463137995758e-01
6.578449905482041116e-01
6.162570888468809072e-01
7.202268431001890292e-01
6.521739130434782705e-01
5.992438563327031620e-01
5.916824196597353369e-01
5.841209829867675118e-01
6.219281663516068592e-01
6.786389413988658248e-01
5.614366729678639256e-01
5.992438563327031620e-01
5.198487712665406102e-01
5.614366729678639256e-01
6.786389413988658248e-01
6.294896030245746843e-01
5.576559546313799576e-01
6.389413988657844934e-01
5.368620037807183554e-01
6.124763705103969391e-01
6.068052930056710981e-01
6.049149338374291140e-01
6.181474480151228912e-01
6.011342155009451460e-01
5.916824196597353369e-01
6.616257088846880796e-01
5.236294896030245782e-01
6.086956521739130821e-01
6.654064272211720477e-01
5.897920604914933529e-01
6.219281663516068592e-01
5.935727788279773209e-01
6.370510396975425094e-01
6.143667296786389231e-01
5.689981096408317507e-01
5.047258979206049601e-01
6.408317580340264774e-01
6.975425330812854430e-01
6.313799621928166683e-01
5.765595463137995758e-01
5.727788279773157187e-01
6.200378071833648752e-01
6.616257088846880796e-01
6.294896030245746843e-01
5.860113421550094959e-01
5.557655954631379736e-01
6.937618147448014749e-01
6.200378071833648752e-01
6.578449905482041116e-01
6.313799621928166683e-01
6.710775047258978887e-01
5.803402646502835438e-01
6.162570888468809072e-01
5.746691871455577028e-01
6.635160680529300636e-01
5.198487712665406102e-01
5.727788279773157187e-01
5.822306238185255278e-01
7.069943289224952521e-01
6.370510396975425094e-01
5.122873345935727851e-01
6.030245746691871300e-01
6.219281663516068592e-01
6.427221172022684614e-01
6.011342155009451460e-01
6.124763705103969391e-01
6.030245746691871300e-01
6.105860113421549551e-01
6.332703213610586523e-01
6.143667296786389231e-01
5.463137996219281645e-01
5.671077504725897667e-01
6.578449905482041116e-01
6.011342155009451460e-01
5.595463137996219416e-01
6.162570888468809072e-01
6.313799621928166683e-01
6.389413988657844934e-01
6.446124763705104455e-01
6.691871455576559047e-01
5.803402646502835438e-01
5.652173913043477826e-01
6.200378071833648752e-01
6.219281663516068592e-01
6.200378071833648752e-01
5.897920604914933529e-01
6.181474480151228912e-01
6.446124763705104455e-01
5.444234404536861804e-01
6.200378071833648752e-01
6.105860113421549551e-01
6.654064272211720477e-01
6.219281663516068592e-01
5.652173913043477826e-01
6.030245746691871300e-01
5.992438563327031620e-01
5.954631379962193050e-01
6.483931947069943025e-01
6.124763705103969391e-01
5.860113421550094959e-01
5.973534971644612890e-01
6.294896030245746843e-01
6.446124763705104455e-01
5.368620037807183554e-01
6.181474480151228912e-01
6.389413988657844934e-01
6.729678638941398727e-01
5.822306238185255278e-01
5.614366729678639256e-01
6.370510396975425094e-01
6.483931947069943025e-01
6.465028355387523185e-01
6.219281663516068592e-01
5.746691871455577028e-01
6.105860113421549551e-01
5.803402646502835438e-01
6.313799621928166683e-01
5.519848771266541165e-01
5.879017013232513689e-01
5.935727788279773209e-01
6.332703213610586523e-01
6.578449905482041116e-01
5.595463137996219416e-01
6.200378071833648752e-01
6.068052930056710981e-01
6.540642722117202545e-01
5.803402646502835438e-01
6.105860113421549551e-01
6.275992438563327003e-01
6.427221172022684614e-01
6.521739130434782705e-01
6.200378071833648752e-01
5.992438563327031620e-01
6.332703213610586523e-01
5.746691871455577028e-01
6.143667296786389231e-01
5.973534971644612890e-01
6.200378071833648752e-01
5.879017013232513689e-01
5.916824196597353369e-01
6.389413988657844934e-01
6.219281663516068592e-01
5.727788279773157187e-01
5.803402646502835438e-01
5.557655954631379736e-01
6.105860113421549551e-01
5.992438563327031620e-01
5.973534971644612890e-01
6.162570888468809072e-01
6.181474480151228912e-01
6.370510396975425094e-01
6.011342155009451460e-01
6.275992438563327003e-01
5.293005671077504193e-01
6.200378071833648752e-01
6.654064272211720477e-01
6.559546313799622386e-01
5.916824196597353369e-01
6.200378071833648752e-01
6.143667296786389231e-01
6.502835538752362865e-01
6.483931947069943025e-01
5.482041587901701485e-01
6.219281663516068592e-01
6.143667296786389231e-01
6.030245746691871300e-01
5.916824196597353369e-01
6.767485822306238408e-01
5.935727788279773209e-01
6.200378071833648752e-01
7.069943289224952521e-01
6.105860113421549551e-01
6.918714555765594909e-01
6.068052930056710981e-01
5.935727788279773209e-01
6.465028355387523185e-01
6.559546313799622386e-01
5.689981096408317507e-01
6.086956521739130821e-01
6.597353497164460956e-01
6.200378071833648752e-01
6.351606805293005253e-01
6.483931947069943025e-01
6.124763705103969391e-01
5.406427221172023234e-01
6.200378071833648752e-01
5.633270321361059096e-01
6.143667296786389231e-01
5.708884688090737347e-01
5.860113421550094959e-01
6.257088846880907163e-01
6.068052930056710981e-01
6.275992438563327003e-01
6.313799621928166683e-01
6.200378071833648752e-01
6.162570888468809072e-01
6.011342155009451460e-01
5.425330812854441964e-01
6.559546313799622386e-01
5.746691871455577028e-01
5.841209829867675118e-01
5.860113421550094959e-01
5.576559546313799576e-01
5.879017013232513689e-01
6.162570888468809072e-01
6.143667296786389231e-01
6.162570888468809072e-01
5.860113421550094959e-01
6.124763705103969391e-01
5.879017013232513689e-01
6.219281663516068592e-01
5.708884688090737347e-01
6.313799621928166683e-01
6.805293005671076978e-01
6.124763705103969391e-01
6.143667296786389231e-01
6.257088846880907163e-01
6.162570888468809072e-01
6.672967863894140317e-01
6.275992438563327003e-01
6.124763705103969391e-01
6.408317580340264774e-01
6.313799621928166683e-01
6.068052930056710981e-01
6.049149338374291140e-01
6.257088846880907163e-01
6.275992438563327003e-01
6.559546313799622386e-01
5.406427221172023234e-01
5.746691871455577028e-01
6.105860113421549551e-01
5.973534971644612890e-01
6.294896030245746843e-01
6.275992438563327003e-01
6.578449905482041116e-01
6.824196597353496818e-01
6.427221172022684614e-01
5.954631379962193050e-01
5.822306238185255278e-01
5.860113421550094959e-01
5.633270321361059096e-01
5.463137996219281645e-01
5.897920604914933529e-01
5.576559546313799576e-01
6.748582230623818567e-01
6.049149338374291140e-01
6.219281663516068592e-01
6.616257088846880796e-01
6.313799621928166683e-01
5.595463137996219416e-01
6.105860113421549551e-01
6.200378071833648752e-01
6.219281663516068592e-01
5.765595463137995758e-01
5.066162570888468331e-01
5.841209829867675118e-01
5.879017013232513689e-01
6.408317580340264774e-01
5.954631379962193050e-01
5.765595463137995758e-01
4.952741020793950955e-01
6.521739130434782705e-01
6.540642722117202545e-01
6.011342155009451460e-01
5.765595463137995758e-01
5.689981096408317507e-01
6.937618147448014749e-01
6.181474480151228912e-01
6.011342155009451460e-01
6.068052930056710981e-01
6.370510396975425094e-01
5.727788279773157187e-01
6.616257088846880796e-01
6.181474480151228912e-01
5.349716446124763713e-01
6.483931947069943025e-01
6.956521739130434590e-01
4.877126654064272149e-01
6.786389413988658248e-01
6.200378071833648752e-01
6.351606805293005253e-01
6.389413988657844934e-01
5.293005671077504193e-01
5.860113421550094959e-01
5.841209829867675118e-01
6.502835538752362865e-01
5.935727788279773209e-01
5.500945179584121325e-01
5.916824196597353369e-01
5.841209829867675118e-01
6.030245746691871300e-01
6.181474480151228912e-01
6.370510396975425094e-01
5.916824196597353369e-01
5.935727788279773209e-01
6.275992438563327003e-01
5.538752362948959895e-01
6.257088846880907163e-01
6.427221172022684614e-01
6.483931947069943025e-01
6.635160680529300636e-01
6.446124763705104455e-01
5.368620037807183554e-01
6.105860113421549551e-01
6.824196597353496818e-01
6.275992438563327003e-01
5.973534971644612890e-01
5.500945179584121325e-01
5.841209829867675118e-01
6.465028355387523185e-01
6.030245746691871300e-01
6.483931947069943025e-01
6.389413988657844934e-01
5.500945179584121325e-01
6.408317580340264774e-01
6.257088846880907163e-01
6.767485822306238408e-01
6.200378071833648752e-01
6.068052930056710981e-01
5.803402646502835438e-01
6.521739130434782705e-01
5.973534971644612890e-01
5.652173913043477826e-01
6.540642722117202545e-01
6.143667296786389231e-01
6.068052930056710981e-01
5.633270321361059096e-01
5.954631379962193050e-01
6.578449905482041116e-01
5.784499054820415598e-01
5.727788279773157187e-01
6.275992438563327003e-01
6.011342155009451460e-01
6.219281663516068592e-01
6.124763705103969391e-01
6.086956521739130821e-01
5.576559546313799576e-01
6.219281663516068592e-01
5.406427221172023234e-01
6.351606805293005253e-01
6.465028355387523185e-01
6.181474480151228912e-01
6.672967863894140317e-01
6.219281663516068592e-01
6.767485822306238408e-01
6.049149338374291140e-01
5.519848771266541165e-01
6.275992438563327003e-01
6.843100189035916658e-01
6.313799621928166683e-01
6.086956521739130821e-01
6.313799621928166683e-01
5.708884688090737347e-01
6.351606805293005253e-01
5.879017013232513689e-01
5.652173913043477826e-01
6.162570888468809072e-01
6.332703213610586523e-01
5.085066162570888171e-01
6.521739130434782705e-01
5.538752362948959895e-01
5.822306238185255278e-01
5.784499054820415598e-01
5.406427221172023234e-01
6.200378071833648752e-01
6.578449905482041116e-01
6.805293005671076978e-01
6.105860113421549551e-01
6.143667296786389231e-01
6.559546313799622386e-01
6.049149338374291140e-01
6.086956521739130821e-01
6.124763705103969391e-01
5.860113421550094959e-01
6.710775047258978887e-01
5.557655954631379736e-01
6.880907372400756339e-01
5.557655954631379736e-01
6.635160680529300636e-01
6.483931947069943025e-01
6.351606805293005253e-01
5.708884688090737347e-01
6.105860113421549551e-01
5.727788279773157187e-01
5.935727788279773209e-01
6.011342155009451460e-01
6.559546313799622386e-01
5.992438563327031620e-01
6.351606805293005253e-01
6.370510396975425094e-01
6.011342155009451460e-01
6.124763705103969391e-01
6.427221172022684614e-01
5.860113421550094959e-01
5.179584120982986262e-01
5.557655954631379736e-01
5.916824196597353369e-01
6.994328922495274270e-01
6.181474480151228912e-01
5.935727788279773209e-01
6.937618147448014749e-01
6.049149338374291140e-01
6.351606805293005253e-01
6.578449905482041116e-01
6.427221172022684614e-01
5.538752362948959895e-01
6.616257088846880796e-01
6.502835538752362865e-01
6.427221172022684614e-01
6.729678638941398727e-01
5.935727788279773209e-01
6.427221172022684614e-01
5.916824196597353369e-01
6.862003780718336499e-01
6.313799621928166683e-01
5.954631379962193050e-01
5.028355387523629760e-01
5.368620037807183554e-01
6.446124763705104455e-01
5.916824196597353369e-01
5.614366729678639256e-01
6.086956521739130821e-01
6.332703213610586523e-01
6.521739130434782705e-01
5.595463137996219416e-01
6.654064272211720477e-01
5.614366729678639256e-01
6.351606805293005253e-01
6.710775047258978887e-01
5.689981096408317507e-01
6.521739130434782705e-01
5.236294896030245782e-01
6.880907372400756339e-01
5.671077504725897667e-01
6.124763705103969391e-01
5.784499054820415598e-01
6.370510396975425094e-01
6.219281663516068592e-01
5.841209829867675118e-01
5.708884688090737347e-01
5.897920604914933529e-01
6.616257088846880796e-01
6.748582230623818567e-01
6.162570888468809072e-01
5.330812854442343873e-01
5.841209829867675118e-01
6.597353497164460956e-01
6.257088846880907163e-01
5.784499054820415598e-01
5.727788279773157187e-01
7.032136105860113950e-01
5.746691871455577028e-01
5.973534971644612890e-01
6.502835538752362865e-01
6.332703213610586523e-01
5.614366729678639256e-01
6.181474480151228912e-01
6.049149338374291140e-01
6.275992438563327003e-01
6.559546313799622386e-01
6.143667296786389231e-01
6.030245746691871300e-01
6.691871455576559047e-01
5.935727788279773209e-01
5.879017013232513689e-01
5.595463137996219416e-01
6.521739130434782705e-01
5.841209829867675118e-01
6.540642722117202545e-01
5.954631379962193050e-01
6.483931947069943025e-01
6.030245746691871300e-01
6.068052930056710981e-01
6.616257088846880796e-01
6.068052930056710981e-01
6.691871455576559047e-01
7.013232514177694110e-01
6.427221172022684614e-01
6.143667296786389231e-01
6.068052930056710981e-01
6.918714555765594909e-01
5.860113421550094959e-01
5.954631379962193050e-01
6.465028355387523185e-01
5.500945179584121325e-01
6.257088846880907163e-01
5.860113421550094959e-01
6.181474480151228912e-01
6.729678638941398727e-01
6.786389413988658248e-01
6.162570888468809072e-01
5.916824196597353369e-01
6.030245746691871300e-01
6.635160680529300636e-01
5.935727788279773209e-01
5.122873345935727851e-01
6.597353497164460956e-01
5.822306238185255278e-01
6.219281663516068592e-01
6.824196597353496818e-01
6.389413988657844934e-01
5.727788279773157187e-01
5.897920604914933529e-01
5.633270321361059096e-01
6.105860113421549551e-01
6.030245746691871300e-01
5.595463137996219416e-01
6.899810964083176179e-01
6.465028355387523185e-01
6.370510396975425094e-01
5.595463137996219416e-01
6.049149338374291140e-01
5.576559546313799576e-01
6.143667296786389231e-01
6.219281663516068592e-01
6.654064272211720477e-01
6.162570888468809072e-01
6.370510396975425094e-01
5.879017013232513689e-01
6.162570888468809072e-01
7.183364839319470452e-01
6.049149338374291140e-01
6.389413988657844934e-01
5.992438563327031620e-01
6.011342155009451460e-01
6.011342155009451460e-01
6.275992438563327003e-01
5.784499054820415598e-01
6.370510396975425094e-01
6.143667296786389231e-01
5.916824196597353369e-01
5.973534971644612890e-01
6.294896030245746843e-01
5.897920604914933529e-01
5.519848771266541165e-01
5.860113421550094959e-01
6.124763705103969391e-01
5.160680529300567532e-01
5.822306238185255278e-01
6.767485822306238408e-01
5.727788279773157187e-01
6.937618147448014749e-01
6.880907372400756339e-01
6.521739130434782705e-01
6.181474480151228912e-01
5.992438563327031620e-01
6.616257088846880796e-01
6.257088846880907163e-01
6.370510396975425094e-01
6.332703213610586523e-01
6.427221172022684614e-01
5.746691871455577028e-01
6.049149338374291140e-01
6.616257088846880796e-01
5.746691871455577028e-01
5.727788279773157187e-01
5.614366729678639256e-01
6.124763705103969391e-01
6.049149338374291140e-01
6.370510396975425094e-01
6.030245746691871300e-01
6.143667296786389231e-01
6.408317580340264774e-01
5.387523629489603394e-01
6.465028355387523185e-01
6.578449905482041116e-01
5.935727788279773209e-01
6.219281663516068592e-01
5.897920604914933529e-01
5.860113421550094959e-01
5.841209829867675118e-01
6.899810964083176179e-01
6.370510396975425094e-01
6.086956521739130821e-01
6.408317580340264774e-01
6.105860113421549551e-01
6.427221172022684614e-01
6.011342155009451460e-01
5.973534971644612890e-01
5.727788279773157187e-01
6.068052930056710981e-01
6.162570888468809072e-01
5.689981096408317507e-01
6.370510396975425094e-01
6.597353497164460956e-01
6.880907372400756339e-01
6.691871455576559047e-01
6.068052930056710981e-01
5.841209829867675118e-01
5.746691871455577028e-01
6.465028355387523185e-01
6.502835538752362865e-01
7.107750472589792201e-01
6.162570888468809072e-01
5.765595463137995758e-01
5.727788279773157187e-01
6.105860113421549551e-01
5.425330812854441964e-01
6.086956521739130821e-01
6.427221172022684614e-01
6.389413988657844934e-01
6.691871455576559047e-01
6.181474480151228912e-01
6.200378071833648752e-01
6.616257088846880796e-01
5.992438563327031620e-01
5.992438563327031620e-01
5.822306238185255278e-01
6.465028355387523185e-01
6.219281663516068592e-01
6.068052930056710981e-01
5.879017013232513689e-01
5.765595463137995758e-01
6.975425330812854430e-01
6.313799621928166683e-01
6.200378071833648752e-01
6.030245746691871300e-01
5.954631379962193050e-01
6.654064272211720477e-01
5.482041587901701485e-01
5.500945179584121325e-01
5.217391304347825942e-01
6.332703213610586523e-01
5.879017013232513689e-01
6.748582230623818567e-01
6.559546313799622386e-01
5.671077504725897667e-01
6.086956521739130821e-01
5.992438563327031620e-01
5.519848771266541165e-01
5.633270321361059096e-01
6.351606805293005253e-01
5.368620037807183554e-01
6.219281663516068592e-01
6.691871455576559047e-01
6.068052930056710981e-01
5.727788279773157187e-01
6.578449905482041116e-01
6.030245746691871300e-01
6.162570888468809072e-01
6.257088846880907163e-01
5.652173913043477826e-01
6.408317580340264774e-01
6.370510396975425094e-01
6.710775047258978887e-01
6.105860113421549551e-01
6.767485822306238408e-01
5.954631379962193050e-01
5.689981096408317507e-01
6.427221172022684614e-01
5.500945179584121325e-01
6.049149338374291140e-01
5.879017013232513689e-01
5.784499054820415598e-01
5.765595463137995758e-01
5.689981096408317507e-01
6.408317580340264774e-01
5.784499054820415598e-01
6.597353497164460956e-01
6.389413988657844934e-01
6.351606805293005253e-01
5.595463137996219416e-01
6.521739130434782705e-01
5.368620037807183554e-01
6.465028355387523185e-01
5.519848771266541165e-01
6.257088846880907163e-01
5.860113421550094959e-01
6.219281663516068592e-01
6.540642722117202545e-01
5.727788279773157187e-01
5.689981096408317507e-01
6.427221172022684614e-01
5.822306238185255278e-01
6.351606805293005253e-01
6.370510396975425094e-01
5.897920604914933529e-01
6.181474480151228912e-01
6.427221172022684614e-01
5.595463137996219416e-01
5.897920604914933529e-01
5.897920604914933529e-01
5.671077504725897667e-01
6.219281663516068592e-01
6.143667296786389231e-01
5.879017013232513689e-01
6.446124763705104455e-01
6.370510396975425094e-01
5.652173913043477826e-01
6.351606805293005253e-01
5.330812854442343873e-01
5.652173913043477826e-01
6.540642722117202545e-01
6.502835538752362865e-01
5.879017013232513689e-01
6.332703213610586523e-01
5.708884688090737347e-01
5.897920604914933529e-01
6.030245746691871300e-01
6.332703213610586523e-01
6.181474480151228912e-01
6.030245746691871300e-01
6.068052930056710981e-01
5.916824196597353369e-01
6.219281663516068592e-01
6.143667296786389231e-01
6.521739130434782705e-01
6.181474480151228912e-01
6.124763705103969391e-01
6.332703213610586523e-01
6.427221172022684614e-01
6.408317580340264774e-01
6.257088846880907163e-01
6.181474480151228912e-01
5.897920604914933529e-01
6.313799621928166683e-01
5.255198487712665623e-01
6.219281663516068592e-01
6.521739130434782705e-01
6.124763705103969391e-01
6.030245746691871300e-01
5.897920604914933529e-01
6.011342155009451460e-01
6.257088846880907163e-01
6.351606805293005253e-01
6.389413988657844934e-01
6.635160680529300636e-01
5.614366729678639256e-01
5.765595463137995758e-01
6.502835538752362865e-01
5.746691871455577028e-01
5.784499054820415598e-01
5.633270321361059096e-01
5.935727788279773209e-01
6.294896030245746843e-01
5.708884688090737347e-01
6.068052930056710981e-01
6.124763705103969391e-01
5.973534971644612890e-01
5.311909262759924033e-01
5.708884688090737347e-01
5.973534971644612890e-01
5.746691871455577028e-01
6.086956521739130821e-01
5.217391304347825942e-01
6.162570888468809072e-01
6.748582230623818567e-01
6.257088846880907163e-01
5.822306238185255278e-01
5.765595463137995758e-01
6.068052930056710981e-01
6.068052930056710981e-01
6.597353497164460956e-01
6.635160680529300636e-01
5.765595463137995758e-01
6.219281663516068592e-01
6.143667296786389231e-01
6.294896030245746843e-01
6.181474480151228912e-01
6.294896030245746843e-01
6.332703213610586523e-01
5.689981096408317507e-01
5.519848771266541165e-01
6.143667296786389231e-01
6.124763705103969391e-01
5.954631379962193050e-01
5.916824196597353369e-01
6.294896030245746843e-01
6.597353497164460956e-01
6.049149338374291140e-01
6.502835538752362865e-01
5.708884688090737347e-01
6.219281663516068592e-01
6.729678638941398727e-01
5.671077504725897667e-01
6.805293005671076978e-01
6.219281663516068592e-01
6.502835538752362865e-01
6.767485822306238408e-01
5.614366729678639256e-01
6.200378071833648752e-01
5.973534971644612890e-01
6.389413988657844934e-01
6.483931947069943025e-01
5.784499054820415598e-01
6.294896030245746843e-01
6.068052930056710981e-01
6.767485822306238408e-01
5.444234404536861804e-01
6.049149338374291140e-01
6.824196597353496818e-01
5.406427221172023234e-01
6.275992438563327003e-01
5.708884688090737347e-01
5.595463137996219416e-01
6.200378071833648752e-01
5.897920604914933529e-01
5.954631379962193050e-01
5.954631379962193050e-01
6.672967863894140317e-01
5.538752362948959895e-01
5.595463137996219416e-01
6.351606805293005253e-01
6.710775047258978887e-01
5.935727788279773209e-01
6.049149338374291140e-01
6.257088846880907163e-01
6.786389413988658248e-01
6.332703213610586523e-01
5.368620037807183554e-01
5.746691871455577028e-01
5.406427221172023234e-01
6.219281663516068592e-01
5.803402646502835438e-01
6.105860113421549551e-01
6.257088846880907163e-01
6.691871455576559047e-01
5.954631379962193050e-01
6.824196597353496818e-01
5.822306238185255278e-01
6.124763705103969391e-01
5.557655954631379736e-01
6.275992438563327003e-01
5.973534971644612890e-01
6.105860113421549551e-01
6.805293005671076978e-01
6.049149338374291140e-01
6.219281663516068592e-01
6.124763705103969391e-01
5.538752362948959895e-01
5.822306238185255278e-01
6.068052930056710981e-01
5.822306238185255278e-01
6.181474480151228912e-01
6.672967863894140317e-01
6.616257088846880796e-01
5.500945179584121325e-01
6.294896030245746843e-01
6.162570888468809072e-01
5.822306238185255278e-01
5.444234404536861804e-01
6.181474480151228912e-01
5.765595463137995758e-01
6.843100189035916658e-01
6.389413988657844934e-01
5.387523629489603394e-01
6.370510396975425094e-01
6.767485822306238408e-01
6.578449905482041116e-01
5.860113421550094959e-01
6.294896030245746843e-01
6.313799621928166683e-01
6.011342155009451460e-01
5.538752362948959895e-01
6.181474480151228912e-01
6.294896030245746843e-01
5.708884688090737347e-01
