5.972290039062500000e-01
6.058349609375000000e-01
6.193237304687500000e-01
5.891723632812500000e-01
6.051025390625000000e-01
6.001586914062500000e-01
6.100463867187500000e-01
5.826416015625000000e-01
5.942382812500000000e-01
5.756225585937500000e-01
6.077270507812500000e-01
6.042480468750000000e-01
6.071777343750000000e-01
5.983276367187500000e-01
6.108398437500000000e-01
5.875244140625000000e-01
5.787353515625000000e-01
5.836791992187500000e-01
5.813598632812500000e-01
5.958862304687500000e-01
5.863647460937500000e-01
6.148071289062500000e-01
5.881347656250000000e-01
6.054687500000000000e-01
5.903930664062500000e-01
5.836181640625000000e-01
5.852050781250000000e-01
6.015625000000000000e-01
5.946655273437500000e-01
6.215209960937500000e-01
5.870361328125000000e-01
6.044921875000000000e-01
5.984497070312500000e-01
6.351318359375000000e-01
5.819091796875000000e-01
6.317749023437500000e-01
5.960693359375000000e-01
6.154785156250000000e-01
6.019897460937500000e-01
6.005249023437500000e-01
5.806884765625000000e-01
5.621948242187500000e-01
5.836791992187500000e-01
6.032714843750000000e-01
6.212768554687500000e-01
5.904541015625000000e-01
5.908813476562500000e-01
5.950317382812500000e-01
6.031494140625000000e-01
5.891113281250000000e-01
5.782470703125000000e-01
6.044921875000000000e-01
6.065063476562500000e-01
6.243896484375000000e-01
6.107177734375000000e-01
5.924682617187500000e-01
5.768432617187500000e-01
6.045532226562500000e-01
6.018676757812500000e-01
6.099243164062500000e-01
5.969238281250000000e-01
5.953369140625000000e-01
5.689086914062500000e-01
6.052246093750000000e-01
6.190795898437500000e-01
5.812377929687500000e-01
6.147460937500000000e-01
6.041870117187500000e-01
5.899658203125000000e-01
6.010131835937500000e-01
5.846557617187500000e-01
5.976562500000000000e-01
6.188964843750000000e-01
5.898437500000000000e-01
5.932006835937500000e-01
5.901489257812500000e-01
5.908203125000000000e-01
5.883789062500000000e-01
5.932617187500000000e-01
6.018676757812500000e-01
6.097412109375000000e-01
6.013183593750000000e-01
5.879516601562500000e-01
6.048583984375000000e-01
5.983276367187500000e-01
5.975341796875000000e-01
6.095581054687500000e-01
5.946044921875000000e-01
6.021118164062500000e-01
5.973510742187500000e-01
5.946044921875000000e-01
5.930175781250000000e-01
6.055908203125000000e-01
5.883178710937500000e-01
5.993041992187500000e-01
5.878295898437500000e-01
5.975341796875000000e-01
6.220092773437500000e-01
5.992431640625000000e-01
6.160278320312500000e-01
6.054077148437500000e-01
6.047363281250000000e-01
6.014404296875000000e-01
5.930786132812500000e-01
5.953369140625000000e-01
5.904541015625000000e-01
5.899047851562500000e-01
5.975952148437500000e-01
5.972900390625000000e-01
5.865478515625000000e-01
5.900878906250000000e-01
5.902099609375000000e-01
6.104736328125000000e-01
5.925903320312500000e-01
5.929565429687500000e-01
5.902099609375000000e-01
6.081542968750000000e-01
5.812377929687500000e-01
6.032714843750000000e-01
5.906982421875000000e-01
5.966186523437500000e-01
5.938110351562500000e-01
5.836181640625000000e-01
6.073608398437500000e-01
6.021728515625000000e-01
5.890502929687500000e-01
5.714721679687500000e-01
5.910034179687500000e-01
5.947875976562500000e-01
6.156616210937500000e-01
5.871582031250000000e-01
6.213989257812500000e-01
6.024169921875000000e-01
6.033325195312500000e-01
6.141357421875000000e-01
5.731811523437500000e-01
5.914916992187500000e-01
6.054687500000000000e-01
5.836181640625000000e-01
5.737304687500000000e-01
6.052856445312500000e-01
6.098022460937500000e-01
5.972290039062500000e-01
5.911865234375000000e-01
6.173095703125000000e-01
5.853881835937500000e-01
5.994262695312500000e-01
6.051025390625000000e-01
5.912475585937500000e-01
5.935058593750000000e-01
6.043701171875000000e-01
5.971679687500000000e-01
6.011962890625000000e-01
5.913696289062500000e-01
6.063842773437500000e-01
6.005859375000000000e-01
5.849609375000000000e-01
5.879516601562500000e-01
6.021728515625000000e-01
5.752563476562500000e-01
5.927124023437500000e-01
5.895385742187500000e-01
6.044921875000000000e-01
5.998535156250000000e-01
6.114501953125000000e-01
6.033325195312500000e-01
5.707397460937500000e-01
5.968627929687500000e-01
5.900878906250000000e-01
5.956420898437500000e-01
6.316528320312500000e-01
6.085815429687500000e-01
5.889892578125000000e-01
5.931396484375000000e-01
6.190795898437500000e-01
5.758666992187500000e-01
6.043701171875000000e-01
5.924072265625000000e-01
6.087646484375000000e-01
5.992431640625000000e-01
5.966796875000000000e-01
5.985717773437500000e-01
6.066284179687500000e-01
6.240844726562500000e-01
6.016235351562500000e-01
6.048583984375000000e-01
6.157226562500000000e-01
6.252441406250000000e-01
5.963745117187500000e-01
6.150512695312500000e-01
5.971679687500000000e-01
5.919189453125000000e-01
5.939941406250000000e-01
6.036376953125000000e-01
5.986938476562500000e-01
5.843505859375000000e-01
6.161499023437500000e-01
6.116943359375000000e-01
6.075439453125000000e-01
5.885009765625000000e-01
5.934448242187500000e-01
5.851440429687500000e-01
6.023559570312500000e-01
6.010131835937500000e-01
6.093139648437500000e-01
6.142578125000000000e-01
5.788574218750000000e-01
6.057128906250000000e-01
6.159057617187500000e-01
5.866699218750000000e-01
6.035766601562500000e-01
5.939941406250000000e-01
5.999755859375000000e-01
5.987548828125000000e-01
6.133422851562500000e-01
5.919189453125000000e-01
6.038818359375000000e-01
6.234130859375000000e-01
6.027832031250000000e-01
6.033325195312500000e-01
6.026611328125000000e-01
6.178588867187500000e-01
6.108398437500000000e-01
5.719604492187500000e-01
6.054687500000000000e-01
6.236572265625000000e-01
6.022338867187500000e-01
5.910034179687500000e-01
5.968627929687500000e-01
6.093750000000000000e-01
6.016845703125000000e-01
5.842285156250000000e-01
6.068115234375000000e-01
6.009521484375000000e-01
5.849609375000000000e-01
5.844726562500000000e-01
5.880737304687500000e-01
5.986328125000000000e-01
5.785522460937500000e-01
5.982055664062500000e-01
5.922241210937500000e-01
5.787963867187500000e-01
5.970458984375000000e-01
6.245117187500000000e-01
5.841064453125000000e-01
6.163940429687500000e-01
5.867309570312500000e-01
6.010742187500000000e-01
5.817260742187500000e-01
6.146850585937500000e-01
5.874023437500000000e-01
6.079101562500000000e-01
6.031494140625000000e-01
6.130981445312500000e-01
6.058349609375000000e-01
6.213378906250000000e-01
6.124877929687500000e-01
5.934448242187500000e-01
5.871582031250000000e-01
5.809326171875000000e-01
5.937500000000000000e-01
5.947265625000000000e-01
5.916748046875000000e-01
6.041259765625000000e-01
5.800781250000000000e-01
6.010131835937500000e-01
5.966186523437500000e-01
5.802612304687500000e-01
6.000976562500000000e-01
6.247558593750000000e-01
5.754394531250000000e-01
5.938720703125000000e-01
5.975952148437500000e-01
5.984497070312500000e-01
5.862426757812500000e-01
6.032104492187500000e-01
6.142578125000000000e-01
5.991821289062500000e-01
6.146240234375000000e-01
5.808105468750000000e-01
5.928955078125000000e-01
6.090087890625000000e-01
5.877685546875000000e-01
6.084594726562500000e-01
6.040039062500000000e-01
5.792236328125000000e-01
6.110229492187500000e-01
5.994262695312500000e-01
5.955200195312500000e-01
5.851440429687500000e-01
6.018676757812500000e-01
6.085815429687500000e-01
6.035156250000000000e-01
5.933837890625000000e-01
5.993652343750000000e-01
5.783081054687500000e-01
5.904541015625000000e-01
6.018066406250000000e-01
6.007080078125000000e-01
6.045532226562500000e-01
5.934448242187500000e-01
6.084594726562500000e-01
6.109619140625000000e-01
6.049194335937500000e-01
6.013183593750000000e-01
6.005859375000000000e-01
5.938110351562500000e-01
5.827636718750000000e-01
5.974731445312500000e-01
6.119995117187500000e-01
5.961303710937500000e-01
6.093750000000000000e-01
6.167602539062500000e-01
5.943603515625000000e-01
6.075439453125000000e-01
6.166381835937500000e-01
5.853881835937500000e-01
6.054687500000000000e-01
6.066284179687500000e-01
5.766601562500000000e-01
5.906372070312500000e-01
6.236572265625000000e-01
5.955810546875000000e-01
5.944824218750000000e-01
5.971069335937500000e-01
5.906372070312500000e-01
6.289672851562500000e-01
5.872192382812500000e-01
5.870971679687500000e-01
5.990600585937500000e-01
5.975341796875000000e-01
6.156005859375000000e-01
5.922241210937500000e-01
6.099853515625000000e-01
5.880737304687500000e-01
6.057739257812500000e-01
6.132202148437500000e-01
5.912475585937500000e-01
5.926513671875000000e-01
6.203613281250000000e-01
6.179809570312500000e-01
6.213378906250000000e-01
5.951538085937500000e-01
6.038208007812500000e-01
6.056518554687500000e-01
6.085205078125000000e-01
5.796508789062500000e-01
5.963745117187500000e-01
6.101074218750000000e-01
6.004028320312500000e-01
6.190185546875000000e-01
5.942382812500000000e-01
6.014404296875000000e-01
5.841064453125000000e-01
5.925292968750000000e-01
6.125488281250000000e-01
5.890502929687500000e-01
5.811767578125000000e-01
5.874023437500000000e-01
6.115112304687500000e-01
6.100463867187500000e-01
5.949707031250000000e-01
5.999145507812500000e-01
5.968627929687500000e-01
6.011962890625000000e-01
5.767822265625000000e-01
5.941772460937500000e-01
5.845947265625000000e-01
5.946044921875000000e-01
5.972900390625000000e-01
5.767211914062500000e-01
5.752563476562500000e-01
5.983276367187500000e-01
5.837402343750000000e-01
6.080322265625000000e-01
5.970458984375000000e-01
6.054687500000000000e-01
6.035156250000000000e-01
5.756225585937500000e-01
5.777587890625000000e-01
5.895385742187500000e-01
6.003417968750000000e-01
5.897216796875000000e-01
6.041259765625000000e-01
6.091308593750000000e-01
6.296386718750000000e-01
6.165161132812500000e-01
6.075439453125000000e-01
5.968017578125000000e-01
5.759277343750000000e-01
5.903930664062500000e-01
6.010131835937500000e-01
6.091308593750000000e-01
5.928955078125000000e-01
6.044311523437500000e-01
5.809936523437500000e-01
5.805053710937500000e-01
6.047363281250000000e-01
6.016845703125000000e-01
5.966796875000000000e-01
6.121826171875000000e-01
5.914916992187500000e-01
5.663452148437500000e-01
5.863647460937500000e-01
5.886840820312500000e-01
5.798950195312500000e-01
6.020507812500000000e-01
5.938720703125000000e-01
5.946044921875000000e-01
5.944213867187500000e-01
6.183471679687500000e-01
5.886230468750000000e-01
6.034545898437500000e-01
5.964965820312500000e-01
6.005249023437500000e-01
5.805053710937500000e-01
6.125488281250000000e-01
6.055908203125000000e-01
6.195678710937500000e-01
6.004028320312500000e-01
5.902099609375000000e-01
5.735473632812500000e-01
5.892333984375000000e-01
6.039428710937500000e-01
5.965576171875000000e-01
5.922851562500000000e-01
5.891113281250000000e-01
5.798339843750000000e-01
5.704956054687500000e-01
6.146240234375000000e-01
6.290283203125000000e-01
6.007080078125000000e-01
6.036376953125000000e-01
5.769042968750000000e-01
6.116943359375000000e-01
6.022949218750000000e-01
6.160278320312500000e-01
5.985717773437500000e-01
6.015014648437500000e-01
5.772705078125000000e-01
5.942382812500000000e-01
5.939331054687500000e-01
6.021728515625000000e-01
5.891723632812500000e-01
6.165161132812500000e-01
6.134033203125000000e-01
6.003417968750000000e-01
5.955810546875000000e-01
5.949707031250000000e-01
5.858764648437500000e-01
5.838623046875000000e-01
6.127929687500000000e-01
6.052856445312500000e-01
5.990600585937500000e-01
6.004028320312500000e-01
6.043090820312500000e-01
6.177978515625000000e-01
5.926513671875000000e-01
5.959472656250000000e-01
6.072387695312500000e-01
5.962524414062500000e-01
5.760498046875000000e-01
6.033935546875000000e-01
5.862426757812500000e-01
6.050415039062500000e-01
6.209106445312500000e-01
6.027221679687500000e-01
5.979003906250000000e-01
6.118774414062500000e-01
5.785522460937500000e-01
5.948486328125000000e-01
5.851440429687500000e-01
6.071777343750000000e-01
6.001586914062500000e-01
5.861206054687500000e-01
5.949707031250000000e-01
5.801391601562500000e-01
6.119384765625000000e-01
5.827026367187500000e-01
6.073608398437500000e-01
5.712280273437500000e-01
6.128540039062500000e-01
5.958251953125000000e-01
6.234130859375000000e-01
6.015014648437500000e-01
6.030883789062500000e-01
5.906372070312500000e-01
5.898437500000000000e-01
6.138305664062500000e-01
6.087036132812500000e-01
6.024780273437500000e-01
6.046752929687500000e-01
6.044311523437500000e-01
6.230468750000000000e-01
6.138305664062500000e-01
5.930175781250000000e-01
5.794067382812500000e-01
5.869750976562500000e-01
6.234130859375000000e-01
5.851440429687500000e-01
5.994262695312500000e-01
6.017456054687500000e-01
5.944213867187500000e-01
5.796508789062500000e-01
6.181640625000000000e-01
5.999145507812500000e-01
6.034545898437500000e-01
5.960083007812500000e-01
5.850219726562500000e-01
5.937500000000000000e-01
6.016845703125000000e-01
5.920410156250000000e-01
6.123046875000000000e-01
6.147460937500000000e-01
6.127929687500000000e-01
6.003417968750000000e-01
5.821533203125000000e-01
6.129150390625000000e-01
6.093750000000000000e-01
6.029052734375000000e-01
5.708618164062500000e-01
5.928344726562500000e-01
6.121826171875000000e-01
5.861206054687500000e-01
6.144409179687500000e-01
5.998535156250000000e-01
5.935058593750000000e-01
6.220092773437500000e-01
5.838623046875000000e-01
6.033325195312500000e-01
6.057128906250000000e-01
6.043701171875000000e-01
5.952758789062500000e-01
5.784912109375000000e-01
6.013183593750000000e-01
5.957031250000000000e-01
5.896606445312500000e-01
5.891113281250000000e-01
5.923461914062500000e-01
5.998535156250000000e-01
6.135253906250000000e-01
5.983886718750000000e-01
5.932006835937500000e-01
6.126098632812500000e-01
6.000366210937500000e-01
5.842895507812500000e-01
5.953979492187500000e-01
5.802001953125000000e-01
6.079101562500000000e-01
6.089477539062500000e-01
5.802001953125000000e-01
6.071166992187500000e-01
5.971679687500000000e-01
6.215209960937500000e-01
6.217651367187500000e-01
5.923461914062500000e-01
6.039428710937500000e-01
6.134033203125000000e-01
6.141967773437500000e-01
5.780639648437500000e-01
5.932617187500000000e-01
5.779418945312500000e-01
6.093750000000000000e-01
6.154785156250000000e-01
5.858154296875000000e-01
6.153564453125000000e-01
6.038208007812500000e-01
6.090087890625000000e-01
6.058959960937500000e-01
5.848999023437500000e-01
6.129150390625000000e-01
6.176757812500000000e-01
5.749511718750000000e-01
6.130371093750000000e-01
5.783081054687500000e-01
5.877075195312500000e-01
6.016845703125000000e-01
6.003417968750000000e-01
5.994873046875000000e-01
5.788574218750000000e-01
5.858154296875000000e-01
5.994873046875000000e-01
6.046142578125000000e-01
5.964965820312500000e-01
5.950927734375000000e-01
5.861206054687500000e-01
5.906372070312500000e-01
6.009521484375000000e-01
5.817871093750000000e-01
6.065673828125000000e-01
6.009521484375000000e-01
5.983276367187500000e-01
6.156616210937500000e-01
5.960083007812500000e-01
5.897216796875000000e-01
5.927734375000000000e-01
6.047973632812500000e-01
5.875854492187500000e-01
5.983886718750000000e-01
6.054077148437500000e-01
6.031494140625000000e-01
5.912475585937500000e-01
6.005859375000000000e-01
6.235351562500000000e-01
6.045532226562500000e-01
5.958862304687500000e-01
5.910034179687500000e-01
6.152343750000000000e-01
6.015014648437500000e-01
5.950317382812500000e-01
6.055297851562500000e-01
5.830688476562500000e-01
6.204223632812500000e-01
6.041259765625000000e-01
6.136474609375000000e-01
5.930175781250000000e-01
5.926513671875000000e-01
6.237182617187500000e-01
5.961303710937500000e-01
5.930786132812500000e-01
6.055908203125000000e-01
6.121826171875000000e-01
5.958251953125000000e-01
6.084594726562500000e-01
6.124267578125000000e-01
5.865478515625000000e-01
5.910034179687500000e-01
5.811157226562500000e-01
6.032104492187500000e-01
5.950317382812500000e-01
5.811157226562500000e-01
5.654296875000000000e-01
6.052856445312500000e-01
5.933227539062500000e-01
6.090698242187500000e-01
6.076049804687500000e-01
5.963134765625000000e-01
6.054687500000000000e-01
5.850219726562500000e-01
5.865478515625000000e-01
6.192016601562500000e-01
6.190795898437500000e-01
5.961303710937500000e-01
5.855102539062500000e-01
5.979614257812500000e-01
6.093139648437500000e-01
6.416625976562500000e-01
5.919799804687500000e-01
6.128540039062500000e-01
6.201782226562500000e-01
5.988159179687500000e-01
5.980834960937500000e-01
6.041870117187500000e-01
5.874633789062500000e-01
5.898437500000000000e-01
6.149902343750000000e-01
5.965576171875000000e-01
5.993652343750000000e-01
6.264648437500000000e-01
5.759887695312500000e-01
5.925903320312500000e-01
5.890502929687500000e-01
6.103515625000000000e-01
5.776367187500000000e-01
6.115722656250000000e-01
6.003417968750000000e-01
5.886230468750000000e-01
5.927124023437500000e-01
5.892944335937500000e-01
5.957641601562500000e-01
5.826416015625000000e-01
5.895996093750000000e-01
6.087646484375000000e-01
5.910644531250000000e-01
5.899047851562500000e-01
6.058349609375000000e-01
6.043701171875000000e-01
5.968627929687500000e-01
6.020507812500000000e-01
6.016845703125000000e-01
5.881958007812500000e-01
5.831909179687500000e-01
6.064453125000000000e-01
5.970458984375000000e-01
6.005859375000000000e-01
6.170043945312500000e-01
5.934448242187500000e-01
5.875244140625000000e-01
6.022338867187500000e-01
5.879516601562500000e-01
6.141357421875000000e-01
6.224365234375000000e-01
5.982055664062500000e-01
6.074829101562500000e-01
6.226806640625000000e-01
6.154174804687500000e-01
5.774536132812500000e-01
6.003417968750000000e-01
5.949096679687500000e-01
6.199340820312500000e-01
6.036376953125000000e-01
5.823364257812500000e-01
6.024780273437500000e-01
5.999145507812500000e-01
5.853881835937500000e-01
6.083374023437500000e-01
6.012573242187500000e-01
5.899658203125000000e-01
6.351318359375000000e-01
5.966186523437500000e-01
5.975341796875000000e-01
6.057739257812500000e-01
6.113281250000000000e-01
5.955200195312500000e-01
5.888671875000000000e-01
6.095581054687500000e-01
6.118164062500000000e-01
6.344604492187500000e-01
6.087036132812500000e-01
6.074218750000000000e-01
6.066284179687500000e-01
6.105346679687500000e-01
6.030883789062500000e-01
6.098632812500000000e-01
6.121215820312500000e-01
6.053466796875000000e-01
6.062622070312500000e-01
5.916137695312500000e-01
6.180419921875000000e-01
5.888671875000000000e-01
5.917968750000000000e-01
5.908203125000000000e-01
5.943603515625000000e-01
5.816650390625000000e-01
6.163330078125000000e-01
5.889282226562500000e-01
6.001586914062500000e-01
5.875854492187500000e-01
6.008300781250000000e-01
5.945434570312500000e-01
6.094360351562500000e-01
5.879516601562500000e-01
5.843505859375000000e-01
6.079101562500000000e-01
5.958862304687500000e-01
6.004638671875000000e-01
5.944824218750000000e-01
6.166992187500000000e-01
5.924682617187500000e-01
6.212158203125000000e-01
5.964355468750000000e-01
5.906372070312500000e-01
5.930786132812500000e-01
5.989990234375000000e-01
6.044311523437500000e-01
6.011962890625000000e-01
5.999145507812500000e-01
5.812377929687500000e-01
5.971679687500000000e-01
5.883789062500000000e-01
5.881347656250000000e-01
5.958251953125000000e-01
6.037597656250000000e-01
5.894165039062500000e-01
5.892333984375000000e-01
6.032714843750000000e-01
5.767822265625000000e-01
5.798950195312500000e-01
5.930175781250000000e-01
6.096801757812500000e-01
5.974121093750000000e-01
6.155395507812500000e-01
5.916137695312500000e-01
6.096191406250000000e-01
5.984497070312500000e-01
5.964355468750000000e-01
5.772094726562500000e-01
5.884399414062500000e-01
6.065063476562500000e-01
6.053466796875000000e-01
5.905761718750000000e-01
5.765991210937500000e-01
5.889892578125000000e-01
5.867919921875000000e-01
5.893554687500000000e-01
6.240234375000000000e-01
5.878906250000000000e-01
5.712280273437500000e-01
5.863037109375000000e-01
6.130371093750000000e-01
6.194458007812500000e-01
6.159057617187500000e-01
5.894775390625000000e-01
6.112060546875000000e-01
5.861206054687500000e-01
5.798339843750000000e-01
5.794677734375000000e-01
5.871582031250000000e-01
5.809936523437500000e-01
5.797729492187500000e-01
6.083984375000000000e-01
5.783081054687500000e-01
5.653076171875000000e-01
5.863647460937500000e-01
6.004028320312500000e-01
6.009521484375000000e-01
5.814819335937500000e-01
5.993652343750000000e-01
5.888061523437500000e-01
5.623779296875000000e-01
5.832519531250000000e-01
5.841674804687500000e-01
6.049804687500000000e-01
5.646972656250000000e-01
5.961303710937500000e-01
6.081542968750000000e-01
6.070556640625000000e-01
6.044311523437500000e-01
6.084594726562500000e-01
5.944824218750000000e-01
6.044311523437500000e-01
5.822143554687500000e-01
5.957031250000000000e-01
6.090698242187500000e-01
5.933837890625000000e-01
5.925903320312500000e-01
6.076049804687500000e-01
6.043090820312500000e-01
5.943603515625000000e-01
6.086425781250000000e-01
5.729980468750000000e-01
5.962524414062500000e-01
5.960083007812500000e-01
6.051025390625000000e-01
6.016235351562500000e-01
6.038818359375000000e-01
5.974731445312500000e-01
5.877075195312500000e-01
5.710449218750000000e-01
5.845947265625000000e-01
5.906372070312500000e-01
5.968017578125000000e-01
5.799560546875000000e-01
6.204223632812500000e-01
5.751953125000000000e-01
5.947265625000000000e-01
5.991821289062500000e-01
5.905761718750000000e-01
6.222534179687500000e-01
5.853881835937500000e-01
6.197509765625000000e-01
5.986328125000000000e-01
6.076049804687500000e-01
5.947875976562500000e-01
5.770874023437500000e-01
6.110229492187500000e-01
6.046142578125000000e-01
6.018066406250000000e-01
6.020507812500000000e-01
5.885009765625000000e-01
5.898437500000000000e-01
5.785522460937500000e-01
6.030273437500000000e-01
6.155395507812500000e-01
6.080932617187500000e-01
6.199951171875000000e-01
5.906982421875000000e-01
5.813598632812500000e-01
6.133422851562500000e-01
5.928955078125000000e-01
6.124877929687500000e-01
6.090698242187500000e-01
6.011962890625000000e-01
5.758666992187500000e-01
5.983886718750000000e-01
5.971069335937500000e-01
5.755004882812500000e-01
6.000366210937500000e-01
6.025390625000000000e-01
5.995483398437500000e-01
5.940551757812500000e-01
5.979614257812500000e-01
5.819702148437500000e-01
5.948486328125000000e-01
5.931396484375000000e-01
6.093750000000000000e-01
5.838623046875000000e-01
5.960083007812500000e-01
6.147460937500000000e-01
6.000366210937500000e-01
5.904541015625000000e-01
5.971679687500000000e-01
6.027221679687500000e-01
5.690307617187500000e-01
6.221313476562500000e-01
5.908813476562500000e-01
5.932006835937500000e-01
6.007690429687500000e-01
5.986328125000000000e-01
6.024169921875000000e-01
6.096801757812500000e-01
5.841064453125000000e-01
5.850830078125000000e-01
5.842895507812500000e-01
5.692749023437500000e-01
6.107177734375000000e-01
5.979003906250000000e-01
5.694580078125000000e-01
6.030273437500000000e-01
6.101074218750000000e-01
5.890502929687500000e-01
5.919189453125000000e-01
5.947875976562500000e-01
6.036987304687500000e-01
5.830078125000000000e-01
5.951538085937500000e-01
5.870971679687500000e-01
6.032714843750000000e-01
6.109619140625000000e-01
6.038818359375000000e-01
5.947265625000000000e-01
5.952758789062500000e-01
5.891113281250000000e-01
5.803222656250000000e-01
5.968627929687500000e-01
5.957641601562500000e-01
6.002807617187500000e-01
6.052856445312500000e-01
5.749511718750000000e-01
6.145019531250000000e-01
6.019897460937500000e-01
6.169433593750000000e-01
6.124267578125000000e-01
5.958862304687500000e-01
5.745239257812500000e-01
5.789794921875000000e-01
6.002197265625000000e-01
5.961303710937500000e-01
5.718994140625000000e-01
5.972900390625000000e-01
6.016845703125000000e-01
5.787353515625000000e-01
6.041259765625000000e-01
5.955200195312500000e-01
5.940551757812500000e-01
6.008300781250000000e-01
6.176147460937500000e-01
6.190185546875000000e-01
5.767822265625000000e-01
5.977172851562500000e-01
6.017456054687500000e-01
6.039428710937500000e-01
5.832519531250000000e-01
5.868530273437500000e-01
6.016235351562500000e-01
6.083374023437500000e-01
5.944213867187500000e-01
5.864868164062500000e-01
6.048583984375000000e-01
6.108398437500000000e-01
6.045532226562500000e-01
6.069335937500000000e-01
6.006469726562500000e-01
5.803222656250000000e-01
5.921020507812500000e-01
6.068725585937500000e-01
5.985717773437500000e-01
6.082153320312500000e-01
5.837402343750000000e-01
5.960083007812500000e-01
6.048583984375000000e-01
6.123046875000000000e-01
5.921630859375000000e-01
5.775756835937500000e-01
6.153564453125000000e-01
6.091308593750000000e-01
6.024780273437500000e-01
5.921630859375000000e-01
6.069946289062500000e-01
5.993041992187500000e-01
6.075439453125000000e-01
6.043090820312500000e-01
6.134643554687500000e-01
6.030883789062500000e-01
5.982666015625000000e-01
6.217041015625000000e-01
5.924072265625000000e-01
5.941772460937500000e-01
5.991210937500000000e-01
6.277465820312500000e-01
6.068115234375000000e-01
5.817260742187500000e-01
6.041259765625000000e-01
6.180419921875000000e-01
5.958862304687500000e-01
6.101684570312500000e-01
6.040649414062500000e-01
5.823364257812500000e-01
6.119384765625000000e-01
6.001586914062500000e-01
