6.003417968750000000e-01
6.489257812500000000e-01
5.895996093750000000e-01
5.778808593750000000e-01
6.313476562500000000e-01
5.981445312500000000e-01
6.157226562500000000e-01
5.991210937500000000e-01
6.298828125000000000e-01
5.832519531250000000e-01
6.074218750000000000e-01
6.071777343750000000e-01
6.203613281250000000e-01
5.954589843750000000e-01
6.162109375000000000e-01
5.781250000000000000e-01
6.159667968750000000e-01
5.942382812500000000e-01
6.027832031250000000e-01
5.986328125000000000e-01
6.015625000000000000e-01
6.335449218750000000e-01
6.389160156250000000e-01
6.171875000000000000e-01
5.979003906250000000e-01
5.595703125000000000e-01
6.088867187500000000e-01
6.054687500000000000e-01
6.210937500000000000e-01
6.242675781250000000e-01
5.649414062500000000e-01
6.015625000000000000e-01
6.074218750000000000e-01
6.040039062500000000e-01
6.311035156250000000e-01
6.198730468750000000e-01
6.164550781250000000e-01
6.215820312500000000e-01
5.961914062500000000e-01
5.869140625000000000e-01
5.932617187500000000e-01
5.874023437500000000e-01
6.286621093750000000e-01
5.949707031250000000e-01
5.849609375000000000e-01
6.159667968750000000e-01
6.037597656250000000e-01
6.301269531250000000e-01
5.986328125000000000e-01
5.908203125000000000e-01
5.891113281250000000e-01
6.096191406250000000e-01
6.142578125000000000e-01
5.903320312500000000e-01
6.179199218750000000e-01
6.359863281250000000e-01
5.954589843750000000e-01
6.201171875000000000e-01
5.861816406250000000e-01
6.301269531250000000e-01
6.540527343750000000e-01
6.020507812500000000e-01
6.015625000000000000e-01
5.952148437500000000e-01
6.259765625000000000e-01
5.922851562500000000e-01
5.749511718750000000e-01
5.827636718750000000e-01
6.279296875000000000e-01
6.293945312500000000e-01
6.164550781250000000e-01
6.047363281250000000e-01
5.891113281250000000e-01
6.091308593750000000e-01
6.403808593750000000e-01
6.184082031250000000e-01
6.025390625000000000e-01
5.981445312500000000e-01
6.057128906250000000e-01
6.198730468750000000e-01
6.206054687500000000e-01
5.871582031250000000e-01
6.091308593750000000e-01
5.920410156250000000e-01
5.773925781250000000e-01
5.712890625000000000e-01
6.174316406250000000e-01
6.215820312500000000e-01
5.847167968750000000e-01
5.900878906250000000e-01
6.066894531250000000e-01
6.296386718750000000e-01
5.832519531250000000e-01
5.998535156250000000e-01
5.886230468750000000e-01
6.345214843750000000e-01
6.005859375000000000e-01
5.607910156250000000e-01
6.186523437500000000e-01
6.022949218750000000e-01
