5.926218032836914062e-01
5.966279506683349609e-01
5.932164192199707031e-01
5.960583686828613281e-01
5.935561656951904297e-01
5.925917625427246094e-01
5.943241119384765625e-01
5.932369232177734375e-01
5.965301990509033203e-01
5.934486389160156250e-01
5.928153991699218750e-01
5.919468402862548828e-01
5.930941104888916016e-01
5.918490886688232422e-01
5.929555892944335938e-01
5.964114665985107422e-01
5.925257205963134766e-01
5.927872657775878906e-01
5.945103168487548828e-01
5.938179492950439453e-01
5.936567783355712891e-01
5.952882766723632812e-01
5.925564765930175781e-01
5.932121276855468750e-01
5.938045978546142578e-01
5.959072113037109375e-01
5.947036743164062500e-01
5.946991443634033203e-01
5.917336940765380859e-01
5.907862186431884766e-01
5.924177169799804688e-01
5.923285484313964844e-01
5.938668251037597656e-01
5.949244499206542969e-01
5.937473773956298828e-01
5.936031341552734375e-01
5.933694839477539062e-01
5.933322906494140625e-01
5.929045677185058594e-01
5.937337875366210938e-01
5.951313972473144531e-01
5.924208164215087891e-01
5.937566757202148438e-01
5.938909053802490234e-01
5.948150157928466797e-01
5.917522907257080078e-01
5.939879417419433594e-01
5.951008796691894531e-01
5.938003063201904297e-01
5.933523178100585938e-01
5.939960479736328125e-01
5.937883853912353516e-01
5.944359302520751953e-01
5.941693782806396484e-01
5.929396152496337891e-01
5.922605991363525391e-01
5.949661731719970703e-01
5.940449237823486328e-01
5.929176807403564453e-01
5.932972431182861328e-01
5.956876277923583984e-01
5.934407711029052734e-01
5.940825939178466797e-01
5.936415195465087891e-01
5.920894145965576172e-01
5.926187038421630859e-01
5.922541618347167969e-01
5.926001071929931641e-01
5.932624340057373047e-01
5.930175781250000000e-01
5.940420627593994141e-01
5.932378768920898438e-01
5.952589511871337891e-01
5.925462245941162109e-01
5.954840183258056641e-01
5.952990055084228516e-01
5.949816703796386719e-01
5.922443866729736328e-01
5.903475284576416016e-01
5.926063060760498047e-01
5.936474800109863281e-01
5.937311649322509766e-01
5.922725200653076172e-01
5.954675674438476562e-01
5.947804450988769531e-01
5.882182121276855469e-01
5.936255455017089844e-01
5.918514728546142578e-01
5.953032970428466797e-01
5.918478965759277344e-01
5.937957763671875000e-01
5.930809974670410156e-01
5.949227809906005859e-01
5.890877246856689453e-01
5.936291217803955078e-01
5.951335430145263672e-01
5.918867588043212891e-01
5.925915241241455078e-01
5.945556163787841797e-01
5.936627388000488281e-01
