5.918884277343750000e-01
6.020202636718750000e-01
6.066284179687500000e-01
6.085052490234375000e-01
6.000976562500000000e-01
5.892333984375000000e-01
5.967864990234375000e-01
6.027526855468750000e-01
5.868682861328125000e-01
5.900268554687500000e-01
5.905761718750000000e-01
6.005096435546875000e-01
6.004638671875000000e-01
5.970458984375000000e-01
5.957946777343750000e-01
5.925140380859375000e-01
6.004486083984375000e-01
5.907135009765625000e-01
5.984344482421875000e-01
5.938262939453125000e-01
5.979003906250000000e-01
5.929107666015625000e-01
5.942077636718750000e-01
5.906524658203125000e-01
5.884399414062500000e-01
5.859222412109375000e-01
5.923767089843750000e-01
5.908508300781250000e-01
5.916595458984375000e-01
5.954742431640625000e-01
5.976867675781250000e-01
5.988006591796875000e-01
6.046905517578125000e-01
5.959625244140625000e-01
5.914916992187500000e-01
5.951995849609375000e-01
5.933990478515625000e-01
5.903472900390625000e-01
6.129913330078125000e-01
5.892028808593750000e-01
5.976867675781250000e-01
5.870056152343750000e-01
5.800170898437500000e-01
5.859375000000000000e-01
5.909271240234375000e-01
6.031951904296875000e-01
6.103820800781250000e-01
5.985565185546875000e-01
6.064147949218750000e-01
6.043090820312500000e-01
5.939941406250000000e-01
6.010589599609375000e-01
5.939178466796875000e-01
5.937652587890625000e-01
5.973358154296875000e-01
5.942230224609375000e-01
5.923919677734375000e-01
5.878295898437500000e-01
6.043853759765625000e-01
5.963134765625000000e-01
5.913238525390625000e-01
5.931701660156250000e-01
5.867156982421875000e-01
5.878143310546875000e-01
5.958099365234375000e-01
5.941925048828125000e-01
5.958099365234375000e-01
6.018371582031250000e-01
5.959472656250000000e-01
5.879211425781250000e-01
6.000213623046875000e-01
5.968933105468750000e-01
5.958709716796875000e-01
5.944824218750000000e-01
6.011810302734375000e-01
5.963745117187500000e-01
5.902709960937500000e-01
5.951995849609375000e-01
5.945739746093750000e-01
5.914764404296875000e-01
5.911407470703125000e-01
5.782012939453125000e-01
6.025848388671875000e-01
5.993499755859375000e-01
5.892944335937500000e-01
5.815582275390625000e-01
6.077575683593750000e-01
6.083679199218750000e-01
5.960693359375000000e-01
5.984039306640625000e-01
5.887603759765625000e-01
5.998382568359375000e-01
5.980224609375000000e-01
5.865936279296875000e-01
6.047973632812500000e-01
6.009063720703125000e-01
5.880737304687500000e-01
6.065063476562500000e-01
6.004028320312500000e-01
5.835418701171875000e-01
5.983886718750000000e-01
5.937500000000000000e-01
5.918579101562500000e-01
6.095428466796875000e-01
6.013488769531250000e-01
5.985717773437500000e-01
6.165313720703125000e-01
6.010894775390625000e-01
6.008453369140625000e-01
5.959014892578125000e-01
5.926361083984375000e-01
5.871887207031250000e-01
5.919342041015625000e-01
5.887908935546875000e-01
5.955963134765625000e-01
5.973815917968750000e-01
6.026306152343750000e-01
5.958862304687500000e-01
5.855560302734375000e-01
5.970153808593750000e-01
5.994415283203125000e-01
5.945892333984375000e-01
5.898895263671875000e-01
5.926208496093750000e-01
5.985870361328125000e-01
5.861053466796875000e-01
5.860748291015625000e-01
5.912322998046875000e-01
5.889129638671875000e-01
6.043701171875000000e-01
5.823516845703125000e-01
6.054229736328125000e-01
6.076965332031250000e-01
6.070098876953125000e-01
5.847473144531250000e-01
5.830993652343750000e-01
5.961303710937500000e-01
5.938873291015625000e-01
5.968627929687500000e-01
5.953979492187500000e-01
5.877838134765625000e-01
5.949554443359375000e-01
6.055755615234375000e-01
5.943298339843750000e-01
6.057434082031250000e-01
5.998229980468750000e-01
5.896301269531250000e-01
5.988769531250000000e-01
5.890045166015625000e-01
6.078186035156250000e-01
5.937042236328125000e-01
5.964660644531250000e-01
5.888214111328125000e-01
5.939483642578125000e-01
6.008605957031250000e-01
5.930328369140625000e-01
6.017303466796875000e-01
5.895690917968750000e-01
5.977325439453125000e-01
6.056060791015625000e-01
5.931701660156250000e-01
5.928192138671875000e-01
5.960235595703125000e-01
5.999298095703125000e-01
5.844573974609375000e-01
6.020355224609375000e-01
5.989532470703125000e-01
5.936126708984375000e-01
5.847625732421875000e-01
5.954895019531250000e-01
5.920410156250000000e-01
6.078033447265625000e-01
5.856170654296875000e-01
5.971374511718750000e-01
6.000061035156250000e-01
6.012878417968750000e-01
6.027221679687500000e-01
5.989227294921875000e-01
6.031036376953125000e-01
5.917510986328125000e-01
6.018829345703125000e-01
5.823516845703125000e-01
5.982513427734375000e-01
5.901336669921875000e-01
5.811614990234375000e-01
5.985412597656250000e-01
5.927429199218750000e-01
6.024017333984375000e-01
5.978851318359375000e-01
5.884857177734375000e-01
5.921020507812500000e-01
5.895080566406250000e-01
5.914306640625000000e-01
5.974578857421875000e-01
5.934906005859375000e-01
6.091613769531250000e-01
5.942535400390625000e-01
5.927886962890625000e-01
5.962219238281250000e-01
5.937194824218750000e-01
5.931854248046875000e-01
6.004943847656250000e-01
6.040191650390625000e-01
5.960540771484375000e-01
5.882873535156250000e-01
5.978393554687500000e-01
6.118469238281250000e-01
6.009216308593750000e-01
5.996246337890625000e-01
5.901947021484375000e-01
5.938262939453125000e-01
5.927124023437500000e-01
6.000061035156250000e-01
5.925750732421875000e-01
5.873260498046875000e-01
5.873260498046875000e-01
6.144561767578125000e-01
5.944824218750000000e-01
5.795745849609375000e-01
5.929565429687500000e-01
6.072540283203125000e-01
5.957946777343750000e-01
6.186218261718750000e-01
5.968627929687500000e-01
5.839691162109375000e-01
5.944366455078125000e-01
6.023712158203125000e-01
5.883178710937500000e-01
5.873870849609375000e-01
6.004486083984375000e-01
6.055297851562500000e-01
5.892028808593750000e-01
5.984649658203125000e-01
6.030426025390625000e-01
6.018524169921875000e-01
5.993194580078125000e-01
5.938110351562500000e-01
5.990447998046875000e-01
5.942840576171875000e-01
5.906677246093750000e-01
5.900878906250000000e-01
5.914154052734375000e-01
5.976715087890625000e-01
5.974426269531250000e-01
6.026153564453125000e-01
5.958251953125000000e-01
6.008605957031250000e-01
6.059570312500000000e-01
6.044464111328125000e-01
5.919647216796875000e-01
5.808258056640625000e-01
5.902862548828125000e-01
5.973968505859375000e-01
5.918731689453125000e-01
5.988769531250000000e-01
6.016082763671875000e-01
6.022338867187500000e-01
5.998382568359375000e-01
5.947265625000000000e-01
5.857391357421875000e-01
6.017303466796875000e-01
5.944976806640625000e-01
6.002960205078125000e-01
5.973815917968750000e-01
6.007385253906250000e-01
6.204071044921875000e-01
5.996093750000000000e-01
5.932006835937500000e-01
5.894927978515625000e-01
6.024169921875000000e-01
6.002960205078125000e-01
5.947875976562500000e-01
5.936584472656250000e-01
5.905151367187500000e-01
5.949707031250000000e-01
5.953979492187500000e-01
5.930328369140625000e-01
5.977630615234375000e-01
5.948028564453125000e-01
5.965270996093750000e-01
5.805816650390625000e-01
6.019897460937500000e-01
5.910797119140625000e-01
5.898284912109375000e-01
5.991668701171875000e-01
5.938262939453125000e-01
5.949554443359375000e-01
6.065521240234375000e-01
6.058654785156250000e-01
6.067352294921875000e-01
5.894470214843750000e-01
5.991668701171875000e-01
6.006774902343750000e-01
5.960693359375000000e-01
5.962371826171875000e-01
5.977020263671875000e-01
6.054077148437500000e-01
6.002960205078125000e-01
5.956420898437500000e-01
5.934143066406250000e-01
6.098785400390625000e-01
5.897216796875000000e-01
5.995178222656250000e-01
5.879058837890625000e-01
5.888671875000000000e-01
5.899505615234375000e-01
6.007537841796875000e-01
6.006622314453125000e-01
5.898590087890625000e-01
5.944366455078125000e-01
5.899810791015625000e-01
5.950622558593750000e-01
5.934295654296875000e-01
5.817108154296875000e-01
5.933074951171875000e-01
5.943145751953125000e-01
5.922393798828125000e-01
5.791931152343750000e-01
5.879821777343750000e-01
5.961303710937500000e-01
5.961914062500000000e-01
6.047363281250000000e-01
5.905151367187500000e-01
5.924987792968750000e-01
6.053466796875000000e-01
5.862884521484375000e-01
5.897674560546875000e-01
5.842285156250000000e-01
5.989074707031250000e-01
6.066894531250000000e-01
6.058807373046875000e-01
5.891876220703125000e-01
5.928344726562500000e-01
6.096038818359375000e-01
5.896453857421875000e-01
6.056976318359375000e-01
6.125946044921875000e-01
5.936584472656250000e-01
5.873565673828125000e-01
5.948486328125000000e-01
6.023864746093750000e-01
5.986175537109375000e-01
6.008911132812500000e-01
5.959014892578125000e-01
5.871276855468750000e-01
5.845336914062500000e-01
5.868988037109375000e-01
6.031494140625000000e-01
5.931396484375000000e-01
5.904235839843750000e-01
5.921020507812500000e-01
5.952911376953125000e-01
5.899963378906250000e-01
5.967407226562500000e-01
5.982360839843750000e-01
5.894927978515625000e-01
5.989532470703125000e-01
5.966339111328125000e-01
6.007232666015625000e-01
5.932312011718750000e-01
5.829925537109375000e-01
6.014099121093750000e-01
5.942993164062500000e-01
5.907440185546875000e-01
5.952301025390625000e-01
5.916137695312500000e-01
6.008300781250000000e-01
5.926361083984375000e-01
6.150512695312500000e-01
5.954742431640625000e-01
6.006927490234375000e-01
5.913238525390625000e-01
5.834045410156250000e-01
5.981292724609375000e-01
6.051483154296875000e-01
5.936431884765625000e-01
5.835723876953125000e-01
5.965881347656250000e-01
5.832672119140625000e-01
5.964965820312500000e-01
6.030120849609375000e-01
5.953521728515625000e-01
5.966796875000000000e-01
5.960388183593750000e-01
6.074066162109375000e-01
5.979156494140625000e-01
6.126861572265625000e-01
6.036682128906250000e-01
5.964965820312500000e-01
6.020507812500000000e-01
6.054992675781250000e-01
5.914001464843750000e-01
6.031036376953125000e-01
5.918273925781250000e-01
5.935363769531250000e-01
5.920867919921875000e-01
6.092376708984375000e-01
6.034851074218750000e-01
5.984039306640625000e-01
5.964813232421875000e-01
6.007995605468750000e-01
6.002655029296875000e-01
5.820617675781250000e-01
5.897827148437500000e-01
6.040344238281250000e-01
5.938262939453125000e-01
5.972137451171875000e-01
6.020202636718750000e-01
5.976715087890625000e-01
6.066284179687500000e-01
5.951843261718750000e-01
5.982666015625000000e-01
6.034088134765625000e-01
6.004638671875000000e-01
5.869750976562500000e-01
5.928497314453125000e-01
5.852966308593750000e-01
5.951690673828125000e-01
5.893096923828125000e-01
5.878753662109375000e-01
5.940551757812500000e-01
5.923156738281250000e-01
6.012115478515625000e-01
5.960540771484375000e-01
5.980529785156250000e-01
6.058807373046875000e-01
5.993499755859375000e-01
6.020965576171875000e-01
5.975189208984375000e-01
5.942382812500000000e-01
6.028594970703125000e-01
5.898895263671875000e-01
5.980682373046875000e-01
5.924224853515625000e-01
5.830383300781250000e-01
5.932922363281250000e-01
6.018218994140625000e-01
5.973510742187500000e-01
5.969238281250000000e-01
6.020507812500000000e-01
5.848999023437500000e-01
6.051788330078125000e-01
5.962677001953125000e-01
6.024169921875000000e-01
5.901489257812500000e-01
5.956878662109375000e-01
5.937957763671875000e-01
5.918426513671875000e-01
5.841522216796875000e-01
5.969543457031250000e-01
5.883483886718750000e-01
5.809936523437500000e-01
6.062469482421875000e-01
5.955200195312500000e-01
6.094665527343750000e-01
5.863342285156250000e-01
5.931549072265625000e-01
5.860443115234375000e-01
6.092681884765625000e-01
5.958557128906250000e-01
5.949096679687500000e-01
5.946044921875000000e-01
5.855407714843750000e-01
5.964355468750000000e-01
5.925750732421875000e-01
5.894622802734375000e-01
5.925903320312500000e-01
5.834655761718750000e-01
5.904083251953125000e-01
5.910797119140625000e-01
5.909423828125000000e-01
5.777435302734375000e-01
5.929412841796875000e-01
6.110534667968750000e-01
6.031951904296875000e-01
5.950164794921875000e-01
6.074523925781250000e-01
5.855865478515625000e-01
5.945587158203125000e-01
5.959625244140625000e-01
5.960388183593750000e-01
5.934143066406250000e-01
6.035461425781250000e-01
5.979614257812500000e-01
5.942840576171875000e-01
5.943298339843750000e-01
5.940856933593750000e-01
5.931091308593750000e-01
6.016693115234375000e-01
5.962219238281250000e-01
6.086883544921875000e-01
5.823669433593750000e-01
6.177520751953125000e-01
6.014099121093750000e-01
6.016235351562500000e-01
5.841979980468750000e-01
5.909729003906250000e-01
6.060028076171875000e-01
5.951995849609375000e-01
5.868530273437500000e-01
5.961303710937500000e-01
5.920410156250000000e-01
5.944671630859375000e-01
5.937652587890625000e-01
5.917053222656250000e-01
5.874481201171875000e-01
5.906524658203125000e-01
5.948638916015625000e-01
5.957031250000000000e-01
5.892486572265625000e-01
5.924377441406250000e-01
5.905303955078125000e-01
6.056518554687500000e-01
6.079559326171875000e-01
5.963439941406250000e-01
5.886230468750000000e-01
6.052551269531250000e-01
5.896301269531250000e-01
5.968780517578125000e-01
6.001892089843750000e-01
5.966949462890625000e-01
5.961303710937500000e-01
6.006927490234375000e-01
5.893554687500000000e-01
5.989837646484375000e-01
5.873413085937500000e-01
5.939636230468750000e-01
6.109619140625000000e-01
6.099700927734375000e-01
6.064910888671875000e-01
5.942535400390625000e-01
5.905151367187500000e-01
6.097259521484375000e-01
5.981903076171875000e-01
5.975189208984375000e-01
5.991058349609375000e-01
6.007537841796875000e-01
5.860748291015625000e-01
6.051788330078125000e-01
5.968780517578125000e-01
5.958557128906250000e-01
5.855102539062500000e-01
5.971374511718750000e-01
5.993194580078125000e-01
6.005706787109375000e-01
5.964965820312500000e-01
5.814208984375000000e-01
5.984649658203125000e-01
5.863800048828125000e-01
6.063995361328125000e-01
6.043701171875000000e-01
5.964508056640625000e-01
5.874633789062500000e-01
5.875701904296875000e-01
6.031036376953125000e-01
5.994567871093750000e-01
5.965270996093750000e-01
6.098632812500000000e-01
6.091461181640625000e-01
5.957031250000000000e-01
5.920715332031250000e-01
6.042175292968750000e-01
5.879516601562500000e-01
5.990600585937500000e-01
6.093444824218750000e-01
5.996093750000000000e-01
5.913696289062500000e-01
5.913543701171875000e-01
5.890350341796875000e-01
5.845947265625000000e-01
5.849914550781250000e-01
5.943603515625000000e-01
5.794219970703125000e-01
5.938415527343750000e-01
5.978698730468750000e-01
5.941619873046875000e-01
5.880737304687500000e-01
5.899658203125000000e-01
5.952148437500000000e-01
5.863189697265625000e-01
5.923919677734375000e-01
5.964202880859375000e-01
5.988006591796875000e-01
5.937652587890625000e-01
5.963287353515625000e-01
6.138000488281250000e-01
6.041107177734375000e-01
5.954437255859375000e-01
5.944824218750000000e-01
5.944671630859375000e-01
5.929718017578125000e-01
5.972137451171875000e-01
5.965270996093750000e-01
6.090393066406250000e-01
5.831604003906250000e-01
6.036834716796875000e-01
5.887298583984375000e-01
5.889129638671875000e-01
5.937347412109375000e-01
5.919494628906250000e-01
5.939636230468750000e-01
6.013946533203125000e-01
5.961456298828125000e-01
5.921020507812500000e-01
5.807495117187500000e-01
6.042938232421875000e-01
5.975646972656250000e-01
6.084442138671875000e-01
6.056365966796875000e-01
6.088867187500000000e-01
5.917358398437500000e-01
5.975646972656250000e-01
6.041564941406250000e-01
6.088867187500000000e-01
5.967712402343750000e-01
5.989837646484375000e-01
5.861968994140625000e-01
5.931396484375000000e-01
6.034851074218750000e-01
6.103210449218750000e-01
5.927124023437500000e-01
5.814971923828125000e-01
6.037750244140625000e-01
5.900421142578125000e-01
5.864715576171875000e-01
6.017150878906250000e-01
6.116638183593750000e-01
5.912933349609375000e-01
6.088256835937500000e-01
5.897064208984375000e-01
5.871429443359375000e-01
6.004028320312500000e-01
5.909271240234375000e-01
5.943756103515625000e-01
5.888977050781250000e-01
5.993499755859375000e-01
5.895538330078125000e-01
5.874176025390625000e-01
6.040954589843750000e-01
6.068267822265625000e-01
5.961151123046875000e-01
5.983886718750000000e-01
6.070556640625000000e-01
5.915374755859375000e-01
5.938873291015625000e-01
5.933380126953125000e-01
5.876312255859375000e-01
5.855712890625000000e-01
5.870666503906250000e-01
6.033782958984375000e-01
5.935974121093750000e-01
5.851440429687500000e-01
5.845642089843750000e-01
5.848541259765625000e-01
6.044769287109375000e-01
5.950164794921875000e-01
5.890808105468750000e-01
5.829925537109375000e-01
5.945281982421875000e-01
5.961761474609375000e-01
5.890197753906250000e-01
5.939788818359375000e-01
6.014556884765625000e-01
5.960693359375000000e-01
6.001586914062500000e-01
5.931091308593750000e-01
5.947113037109375000e-01
6.052246093750000000e-01
5.913696289062500000e-01
6.023406982421875000e-01
5.945739746093750000e-01
5.965118408203125000e-01
5.994110107421875000e-01
5.815582275390625000e-01
5.996398925781250000e-01
5.944061279296875000e-01
5.966033935546875000e-01
5.914611816406250000e-01
5.987243652343750000e-01
5.996551513671875000e-01
5.984039306640625000e-01
6.058349609375000000e-01
5.972290039062500000e-01
5.966339111328125000e-01
5.894927978515625000e-01
6.075592041015625000e-01
5.951690673828125000e-01
5.997314453125000000e-01
6.045379638671875000e-01
5.997314453125000000e-01
6.027984619140625000e-01
5.989685058593750000e-01
5.971527099609375000e-01
5.841674804687500000e-01
6.045989990234375000e-01
5.994873046875000000e-01
6.008605957031250000e-01
5.925598144531250000e-01
5.917205810546875000e-01
5.893096923828125000e-01
5.933685302734375000e-01
6.008300781250000000e-01
5.951232910156250000e-01
5.858154296875000000e-01
6.057128906250000000e-01
6.172790527343750000e-01
5.859069824218750000e-01
5.988616943359375000e-01
5.890350341796875000e-01
5.987854003906250000e-01
5.961608886718750000e-01
5.931701660156250000e-01
5.901336669921875000e-01
5.942535400390625000e-01
5.912170410156250000e-01
5.968170166015625000e-01
5.944061279296875000e-01
5.957336425781250000e-01
5.880126953125000000e-01
5.893096923828125000e-01
6.029815673828125000e-01
5.858612060546875000e-01
5.889282226562500000e-01
6.037902832031250000e-01
5.993041992187500000e-01
5.981140136718750000e-01
6.101684570312500000e-01
6.043548583984375000e-01
5.837402343750000000e-01
5.858001708984375000e-01
5.918579101562500000e-01
5.908508300781250000e-01
5.921478271484375000e-01
5.946807861328125000e-01
5.938262939453125000e-01
5.904541015625000000e-01
6.084899902343750000e-01
5.995025634765625000e-01
5.977783203125000000e-01
6.062011718750000000e-01
6.056518554687500000e-01
5.982513427734375000e-01
5.932464599609375000e-01
5.876464843750000000e-01
5.879058837890625000e-01
6.015167236328125000e-01
5.977020263671875000e-01
5.971527099609375000e-01
6.013336181640625000e-01
5.890045166015625000e-01
5.934448242187500000e-01
5.971221923828125000e-01
5.886077880859375000e-01
5.966949462890625000e-01
5.954437255859375000e-01
6.011047363281250000e-01
5.888366699218750000e-01
6.005859375000000000e-01
5.926361083984375000e-01
6.021423339843750000e-01
5.933532714843750000e-01
6.038513183593750000e-01
5.873870849609375000e-01
5.991973876953125000e-01
6.033172607421875000e-01
5.967407226562500000e-01
6.020050048828125000e-01
5.850219726562500000e-01
6.048889160156250000e-01
5.966644287109375000e-01
5.908203125000000000e-01
5.849304199218750000e-01
6.051788330078125000e-01
5.977478027343750000e-01
6.000823974609375000e-01
5.911865234375000000e-01
5.979309082031250000e-01
6.089935302734375000e-01
6.023559570312500000e-01
5.872497558593750000e-01
6.072692871093750000e-01
6.027526855468750000e-01
5.973205566406250000e-01
5.928497314453125000e-01
5.881347656250000000e-01
6.003112792968750000e-01
5.947875976562500000e-01
6.024932861328125000e-01
5.838623046875000000e-01
6.005096435546875000e-01
5.976715087890625000e-01
6.022338867187500000e-01
5.952453613281250000e-01
5.898590087890625000e-01
6.067352294921875000e-01
5.935974121093750000e-01
6.056060791015625000e-01
6.001892089843750000e-01
5.906677246093750000e-01
5.949859619140625000e-01
6.012878417968750000e-01
6.186828613281250000e-01
5.928497314453125000e-01
5.891418457031250000e-01
6.019897460937500000e-01
5.972900390625000000e-01
6.053924560546875000e-01
5.967102050781250000e-01
5.920715332031250000e-01
5.836639404296875000e-01
5.931243896484375000e-01
5.931243896484375000e-01
5.955200195312500000e-01
5.872650146484375000e-01
5.897979736328125000e-01
5.939483642578125000e-01
5.988311767578125000e-01
5.964050292968750000e-01
5.923309326171875000e-01
5.989532470703125000e-01
5.961761474609375000e-01
5.935821533203125000e-01
5.966644287109375000e-01
5.982666015625000000e-01
5.966033935546875000e-01
6.042480468750000000e-01
5.956268310546875000e-01
5.932617187500000000e-01
5.835571289062500000e-01
5.969085693359375000e-01
5.898284912109375000e-01
5.960083007812500000e-01
6.063690185546875000e-01
5.992736816406250000e-01
6.038513183593750000e-01
6.036834716796875000e-01
5.937194824218750000e-01
5.983123779296875000e-01
5.942230224609375000e-01
5.894927978515625000e-01
5.964660644531250000e-01
5.942077636718750000e-01
5.998382568359375000e-01
5.935211181640625000e-01
6.010437011718750000e-01
5.963287353515625000e-01
6.000061035156250000e-01
5.950164794921875000e-01
5.919952392578125000e-01
5.883026123046875000e-01
5.969543457031250000e-01
6.061401367187500000e-01
5.912780761718750000e-01
5.992584228515625000e-01
6.070404052734375000e-01
6.095733642578125000e-01
5.854339599609375000e-01
5.922698974609375000e-01
6.079101562500000000e-01
5.988922119140625000e-01
6.144714355468750000e-01
6.034851074218750000e-01
5.991058349609375000e-01
5.944366455078125000e-01
6.065368652343750000e-01
5.917358398437500000e-01
5.935363769531250000e-01
5.956268310546875000e-01
6.016387939453125000e-01
6.025085449218750000e-01
5.991821289062500000e-01
6.045227050781250000e-01
5.987243652343750000e-01
6.014556884765625000e-01
6.077270507812500000e-01
5.948333740234375000e-01
6.057586669921875000e-01
5.877685546875000000e-01
5.886688232421875000e-01
5.825958251953125000e-01
5.912628173828125000e-01
6.045074462890625000e-01
6.036376953125000000e-01
5.780029296875000000e-01
5.859527587890625000e-01
5.984649658203125000e-01
5.829772949218750000e-01
6.025848388671875000e-01
5.977783203125000000e-01
5.912628173828125000e-01
5.934753417968750000e-01
5.974426269531250000e-01
5.898284912109375000e-01
5.928649902343750000e-01
5.954895019531250000e-01
5.925750732421875000e-01
5.973358154296875000e-01
6.115417480468750000e-01
6.084594726562500000e-01
5.838317871093750000e-01
5.947570800781250000e-01
6.041259765625000000e-01
5.842742919921875000e-01
6.013031005859375000e-01
5.962066650390625000e-01
6.045684814453125000e-01
5.912780761718750000e-01
5.933380126953125000e-01
5.919952392578125000e-01
5.937500000000000000e-01
6.032562255859375000e-01
6.034698486328125000e-01
5.979766845703125000e-01
5.895385742187500000e-01
5.942077636718750000e-01
5.884246826171875000e-01
5.930328369140625000e-01
5.903472900390625000e-01
5.920410156250000000e-01
5.926055908203125000e-01
5.878295898437500000e-01
5.918579101562500000e-01
5.998687744140625000e-01
5.987243652343750000e-01
6.075592041015625000e-01
5.932464599609375000e-01
6.054687500000000000e-01
6.082763671875000000e-01
5.905456542968750000e-01
5.911407470703125000e-01
6.031494140625000000e-01
6.095275878906250000e-01
5.966949462890625000e-01
5.996551513671875000e-01
5.956115722656250000e-01
5.951385498046875000e-01
6.072998046875000000e-01
5.976257324218750000e-01
6.004943847656250000e-01
5.969390869140625000e-01
5.804290771484375000e-01
5.852355957031250000e-01
5.930328369140625000e-01
5.985565185546875000e-01
5.910339355468750000e-01
6.194610595703125000e-01
5.875244140625000000e-01
5.934448242187500000e-01
6.165924072265625000e-01
5.990447998046875000e-01
5.935821533203125000e-01
6.024475097656250000e-01
5.850372314453125000e-01
5.938873291015625000e-01
6.031494140625000000e-01
5.994415283203125000e-01
5.860748291015625000e-01
6.060180664062500000e-01
5.817871093750000000e-01
5.973205566406250000e-01
5.916900634765625000e-01
5.966644287109375000e-01
5.963439941406250000e-01
5.885009765625000000e-01
6.089630126953125000e-01
5.865783691406250000e-01
5.981903076171875000e-01
6.035919189453125000e-01
5.945281982421875000e-01
5.885467529296875000e-01
6.015167236328125000e-01
6.029357910156250000e-01
6.029205322265625000e-01
6.000671386718750000e-01
5.714416503906250000e-01
6.150817871093750000e-01
5.980682373046875000e-01
6.006622314453125000e-01
5.868682861328125000e-01
5.958404541015625000e-01
5.899047851562500000e-01
6.003875732421875000e-01
5.948486328125000000e-01
5.888519287109375000e-01
5.899810791015625000e-01
5.984954833984375000e-01
6.020202636718750000e-01
6.038513183593750000e-01
5.891113281250000000e-01
5.938873291015625000e-01
5.792083740234375000e-01
6.036224365234375000e-01
5.925292968750000000e-01
6.006011962890625000e-01
6.050567626953125000e-01
6.029357910156250000e-01
5.962219238281250000e-01
5.951690673828125000e-01
6.073608398437500000e-01
6.018066406250000000e-01
