5.537190082644628530e-01
6.446280991735536814e-01
2.644628099173553792e-01
2.644628099173553792e-01
8.264462809917355601e-01
2.561983471074379959e-01
3.057851239669421295e-01
3.057851239669421295e-01
1.735537190082644676e-01
2.892561983471074183e-01
4.214876033057851079e-01
3.223140495867768407e-01
3.801652892561983577e-01
2.561983471074379959e-01
9.173553719008264995e-01
3.305785123966942241e-01
2.809917355371900904e-01
3.801652892561983577e-01
3.223140495867768407e-01
2.561983471074379959e-01
2.561983471074379959e-01
2.231404958677686012e-01
2.975206611570248016e-01
1.983471074380165344e-01
3.305785123966942241e-01
2.892561983471074183e-01
2.231404958677686012e-01
3.388429752066115519e-01
2.975206611570248016e-01
3.057851239669421295e-01
3.801652892561983577e-01
4.132231404958677801e-01
2.975206611570248016e-01
3.223140495867768407e-01
4.049586776859503967e-01
1.900826446280991788e-01
2.644628099173553792e-01
2.231404958677686012e-01
3.223140495867768407e-01
2.892561983471074183e-01
2.727272727272727071e-01
4.628099173553719137e-01
4.545454545454545303e-01
3.223140495867768407e-01
2.809917355371900904e-01
2.561983471074379959e-01
5.454545454545454142e-01
7.190082644628099651e-01
1.735537190082644676e-01
