2.265625000000000000e-01
1.914062500000000000e-01
1.875000000000000000e-01
2.148437500000000000e-01
2.031250000000000000e-01
2.304687500000000000e-01
2.617187500000000000e-01
1.562500000000000000e-01
2.812500000000000000e-01
2.265625000000000000e-01
1.250000000000000000e-01
2.148437500000000000e-01
1.718750000000000000e-01
2.304687500000000000e-01
1.835937500000000000e-01
1.484375000000000000e-01
7.773437500000000000e-01
2.070312500000000000e-01
1.835937500000000000e-01
1.796875000000000000e-01
1.796875000000000000e-01
3.710937500000000000e-01
2.539062500000000000e-01
2.031250000000000000e-01
1.796875000000000000e-01
2.187500000000000000e-01
1.992187500000000000e-01
2.460937500000000000e-01
5.468750000000000000e-01
2.304687500000000000e-01
1.875000000000000000e-01
2.851562500000000000e-01
2.304687500000000000e-01
2.109375000000000000e-01
2.070312500000000000e-01
