5.672607421875000000e-01
5.851440429687500000e-01
5.825805664062500000e-01
5.823364257812500000e-01
6.013183593750000000e-01
5.775756835937500000e-01
5.713500976562500000e-01
5.651855468750000000e-01
5.811157226562500000e-01
5.812377929687500000e-01
5.786743164062500000e-01
5.928344726562500000e-01
5.907592773437500000e-01
6.041259765625000000e-01
5.905761718750000000e-01
5.935668945312500000e-01
5.912475585937500000e-01
5.798339843750000000e-01
5.727539062500000000e-01
5.828857421875000000e-01
5.816040039062500000e-01
5.927124023437500000e-01
6.046142578125000000e-01
5.558471679687500000e-01
5.882568359375000000e-01
5.968627929687500000e-01
5.759887695312500000e-01
5.985717773437500000e-01
5.933837890625000000e-01
5.840454101562500000e-01
5.823364257812500000e-01
5.836791992187500000e-01
5.937500000000000000e-01
6.132812500000000000e-01
5.927734375000000000e-01
5.908203125000000000e-01
5.902099609375000000e-01
5.986938476562500000e-01
5.628662109375000000e-01
5.854492187500000000e-01
5.951538085937500000e-01
5.960083007812500000e-01
5.792846679687500000e-01
5.874023437500000000e-01
5.834350585937500000e-01
6.023559570312500000e-01
5.966796875000000000e-01
5.966796875000000000e-01
5.971679687500000000e-01
5.631713867187500000e-01
5.795288085937500000e-01
5.916748046875000000e-01
6.085815429687500000e-01
5.646362304687500000e-01
5.975952148437500000e-01
5.815429687500000000e-01
5.880126953125000000e-01
5.816040039062500000e-01
5.888671875000000000e-01
5.987548828125000000e-01
5.925292968750000000e-01
5.942382812500000000e-01
5.940551757812500000e-01
6.096191406250000000e-01
5.902709960937500000e-01
5.717773437500000000e-01
6.207275390625000000e-01
5.900878906250000000e-01
5.979614257812500000e-01
5.825195312500000000e-01
5.688476562500000000e-01
5.960693359375000000e-01
5.931396484375000000e-01
5.786132812500000000e-01
5.747070312500000000e-01
5.598754882812500000e-01
5.732421875000000000e-01
6.118774414062500000e-01
5.703735351562500000e-01
5.870361328125000000e-01
5.760498046875000000e-01
5.872192382812500000e-01
5.789794921875000000e-01
5.936279296875000000e-01
5.869750976562500000e-01
5.805664062500000000e-01
5.953369140625000000e-01
5.648193359375000000e-01
5.724487304687500000e-01
5.819702148437500000e-01
5.770263671875000000e-01
6.047973632812500000e-01
5.925292968750000000e-01
5.829467773437500000e-01
6.088256835937500000e-01
5.760498046875000000e-01
5.995483398437500000e-01
5.789794921875000000e-01
5.883178710937500000e-01
6.024169921875000000e-01
