5.702479338842975087e-01
5.537190082644628530e-01
5.123966942148759918e-01
6.611570247933884481e-01
5.950413223140496033e-01
5.206611570247934306e-01
5.206611570247934306e-01
5.371900826446280863e-01
6.115702479338842590e-01
6.115702479338842590e-01
5.206611570247934306e-01
5.206611570247934306e-01
6.446280991735536814e-01
6.115702479338842590e-01
5.454545454545454142e-01
5.206611570247934306e-01
5.950413223140496033e-01
4.876033057851239527e-01
6.694214876033057759e-01
5.867768595041322754e-01
6.446280991735536814e-01
5.619834710743801809e-01
6.363636363636363535e-01
5.702479338842975087e-01
5.537190082644628530e-01
5.702479338842975087e-01
5.041322314049586639e-01
5.702479338842975087e-01
6.528925619834711203e-01
5.041322314049586639e-01
5.206611570247934306e-01
5.289256198347107585e-01
6.198347107438016979e-01
5.041322314049586639e-01
5.206611570247934306e-01
5.537190082644628530e-01
6.115702479338842590e-01
6.033057851239669311e-01
4.462809917355372025e-01
6.198347107438016979e-01
5.454545454545454142e-01
5.371900826446280863e-01
5.041322314049586639e-01
5.454545454545454142e-01
5.619834710743801809e-01
5.289256198347107585e-01
5.867768595041322754e-01
5.206611570247934306e-01
6.198347107438016979e-01
5.702479338842975087e-01
6.115702479338842590e-01
5.950413223140496033e-01
4.876033057851239527e-01
3.801652892561983577e-01
6.198347107438016979e-01
5.950413223140496033e-01
5.867768595041322754e-01
5.619834710743801809e-01
5.950413223140496033e-01
4.462809917355372025e-01
6.033057851239669311e-01
5.702479338842975087e-01
4.132231404958677801e-01
5.537190082644628530e-01
5.867768595041322754e-01
6.033057851239669311e-01
5.785123966942148366e-01
5.454545454545454142e-01
6.033057851239669311e-01
5.619834710743801809e-01
6.363636363636363535e-01
6.033057851239669311e-01
6.198347107438016979e-01
6.198347107438016979e-01
5.702479338842975087e-01
5.289256198347107585e-01
5.537190082644628530e-01
5.619834710743801809e-01
6.446280991735536814e-01
5.702479338842975087e-01
6.198347107438016979e-01
5.537190082644628530e-01
6.859504132231405427e-01
5.454545454545454142e-01
6.528925619834711203e-01
5.371900826446280863e-01
4.214876033057851079e-01
4.545454545454545303e-01
5.371900826446280863e-01
5.867768595041322754e-01
6.528925619834711203e-01
6.198347107438016979e-01
5.702479338842975087e-01
6.115702479338842590e-01
5.371900826446280863e-01
4.793388429752066249e-01
5.785123966942148366e-01
6.363636363636363535e-01
5.206611570247934306e-01
6.115702479338842590e-01
